AIMSum (Version 11.12.19, Professional)
Copyright (c) 1997-2011 by Todd A. Keith
AIMSum is a component of the AIMAll package ( http://aim.tkgristmill.com )

Much of the Quantum Theory of Atoms in Molecules (QTAIM) is described in the book:
  "Atoms in Molecules - A Quantum Theory"
  R.F.W. Bader, Oxford University Press, Oxford, 1990

For additional references see:  http://aim.tkgristmill.com/references.html

Wfx File:  /home4/vemuri/FCHK/CHK-N3Prot/chk-Mp2-Spe-FOPT-GCWWT-N3-step38.wfx
Sum File:  /home4/vemuri/FCHK/CHK-N3Prot/chk-Mp2-Spe-FOPT-GCWWT-N3-step38.sum

SumViz File:  /home4/vemuri/FCHK/CHK-N3Prot/chk-Mp2-Spe-FOPT-GCWWT-N3-step38.sumviz

Wfx Title:  Mp2-Spe-of-FOPT-GCWWT-N3prot-from-step38                                       
 
Total memory allocated for AIMSum =       24.032 Megabytes

Atomic units (a.u.) used throughout, except where stated otherwise

Restricted, closed-shell, single-determinant wavefunction.
  Number of electrons (from MO Occs)                   =         152.0000000000
  Number of Alpha electrons (from MO Occs)             =          76.0000000000
  Number of Beta electrons (from MO Occs)              =          76.0000000000
  Number of electron pairs (N*(N-1)/2)                 =       11476.0000000000
  Number of electron pairs (from Muller 2EDM)          =       11476.0000000000
 
Nuclear Charges and Cartesian Coordinates:
-------------------------------------------------------------------------------
Atom      Charge                X                  Y                  Z
-------------------------------------------------------------------------------
C1         6.0          -1.0261568500E+01   3.5354959000E+00   6.9643781600E-01
N2         7.0          -8.9527592300E+00   1.1588138100E+00   1.9436214900E-01
C3         6.0          -1.0043409000E+01  -1.1860717700E+00  -3.1086180200E-01
N4         7.0          -8.3801438200E+00  -2.9719253100E+00  -6.8415452200E-01
C5         6.0          -6.0723554700E+00  -1.8055239500E+00  -4.3119956200E-01
C6         6.0          -3.5435541900E+00  -2.8419461100E+00  -6.0907948300E-01
O7         8.0          -2.8555237700E+00  -4.9725178300E+00  -1.0444553800E+00
N8         7.0          -1.6529984900E+00  -8.9579083900E-01  -1.3937104500E-01
C9         6.0          -2.0444156000E+00   1.5539499600E+00   3.2714375600E-01
N10        7.0          -1.0733295000E-01   3.1526356100E+00   6.2031019900E-01
N11        7.0          -4.4635617500E+00   2.4317504000E+00   4.8250759000E-01
C12        6.0          -6.4182509800E+00   7.2612325000E-01   1.0558470500E-01
C13        6.0           7.4685603200E+00  -4.9386897200E+00   9.3394804500E-01
N14        7.0           7.5500490500E+00  -2.2038705000E+00   4.3297597800E-01
C15        6.0           5.2396963200E+00  -9.0740312300E-01   2.8615559600E-01
O16        8.0           3.2617521200E+00  -2.1345553900E+00   5.9721396600E-01
N17        7.0           5.2448779200E+00   1.6281747100E+00  -1.7742446000E-01
C18        6.0           7.4290044800E+00   2.8492250600E+00  -5.2854691400E-01
N19        7.0           7.3351115100E+00   5.3558447300E+00  -1.0123905000E+00
C20        6.0           9.8100216200E+00   1.5874341600E+00  -3.8095363400E-01
C21        6.0           9.7618166300E+00  -9.4135577900E-01   1.0538250500E-01
H22        1.0          -1.2074794600E+01  -1.4031994400E+00  -3.6710572000E-01
H23        1.0           1.7491056600E+00   2.5808574200E+00   3.6777286800E-01
H24        1.0           6.3992739100E+00  -5.8887023000E+00  -5.5149196800E-01
H25        1.0           8.9157464700E+00   6.3395568000E+00  -1.4146395000E+00
H26        1.0           1.1581088100E+01   2.5742170400E+00  -6.4876751100E-01
H27        1.0           1.1473334000E+01  -2.0589020000E+00   2.4413375600E-01
H28        1.0          -4.1051496200E-01   4.9117816700E+00   1.2909399900E+00
H29        1.0           5.6549522200E+00   6.1982959500E+00  -1.3212190000E+00
H30        1.0           9.3992689500E+00  -5.6546426700E+00   9.8479112700E-01
H31        1.0           6.5366834500E+00  -5.2899558000E+00   2.7396078200E+00
H32        1.0          -1.2289632000E+01   3.1726382200E+00   6.8726508600E-01
H33        1.0          -9.7427895100E+00   4.2766087000E+00   2.5554804700E+00
H34        1.0          -9.8449764600E+00   4.9310794400E+00  -7.7181891800E-01
H35        1.0           2.2171189000E-01  -1.5200807400E+00  -1.7838977600E-02
H36        1.0          -4.7842539600E+00   4.3101778500E+00   6.1904786200E-01
 
Some Atomic Properties:
----------------------
  q(A) = Net Charge of Atom A
  L(A) = Lagrangian of Atom A = -(1/4) Times Atomic Integral of the Laplacian of the Electron Density
  K(A) = Electronic Kinetic Energy of Atom A (Hamiltonian Form)
  K_Scaled(A) = K(A) * E(Mol)/K(Mol) = Approximation to Virial-Based Total Energy of Atom A.
  |Mu_Intra(A)| = Magnitude of Intraatomic Dipole Moment of Atom A
--------------------------------------------------------------------------------------------------
Atom A          q(A)              L(A)              K(A)          K_Scaled(A)      |Mu_Intra(A)|
--------------------------------------------------------------------------------------------------
C1        6.4256881230E-01 -4.9263894902E-05  3.7367227923E+01 -3.7431011764E+01  5.2336144363E-01
N2       -1.5435121312E+00 -1.2565294382E-04  5.5344159100E+01 -5.5438628593E+01  1.3983816807E-01
C3        1.3473968858E+00 -2.1420090692E-04  3.6944786574E+01 -3.7007849331E+01  7.9031897802E-01
N4       -1.3659360184E+00  1.0403793656E-04  5.5094423544E+01 -5.5188466752E+01  3.1964639610E-01
C5        6.0673947100E-01 -4.5125212079E-04  3.7536510839E+01 -3.7600583637E+01  5.3259150327E-01
C6        1.6656007551E+00 -2.2458126942E-04  3.6702181012E+01 -3.6764829654E+01  8.2820758965E-01
O7       -1.2934871463E+00  4.2059556586E-05  7.5523159614E+01 -7.5652073572E+01  6.9402235401E-01
N8       -1.5002254899E+00  1.3202746551E-04  5.5262407123E+01 -5.5356737070E+01  9.0981207920E-02
C9        2.0263688529E+00 -5.4833015999E-04  3.6552292186E+01 -3.6614684976E+01  3.5355900922E-02
N10      -1.4718369788E+00  8.0512250582E-05  5.5142946859E+01 -5.5237072893E+01  1.0432050786E-01
N11      -1.5332271340E+00  2.9893097153E-04  5.5294162815E+01 -5.5388546967E+01  1.2219420674E-01
C12       1.0452024315E+00  1.3035070120E-04  3.7235531817E+01 -3.7299090860E+01  8.8831182050E-01
C13       6.3213388450E-01 -5.1527338560E-05  3.7387415928E+01 -3.7451234230E+01  5.2358955189E-01
N14      -1.5446125588E+00  1.7330949154E-05  5.5350893569E+01 -5.5445374557E+01  2.0475069990E-01
C15       2.1685975620E+00 -3.1077422201E-04  3.6403625425E+01 -3.6465764449E+01  2.5257204473E-01
O16      -1.3869470781E+00  1.1107126057E-04  7.5545225436E+01 -7.5674177059E+01  5.3565585471E-01
N17      -1.4679716477E+00  9.8619419162E-05  5.5140838430E+01 -5.5234960866E+01  9.7876928712E-02
C18       1.3379139017E+00  6.0564063936E-05  3.7004258989E+01 -3.7067423262E+01  8.2567818793E-01
N19      -1.4567956240E+00  5.8784697857E-06  5.5140658632E+01 -5.5234780761E+01  1.9327935469E-01
C20       8.0079847500E-02 -3.3827373718E-04  3.7767417588E+01 -3.7831884531E+01  1.8079676545E-01
C21       6.5698843650E-01  1.0400764777E-04  3.7423116825E+01 -3.7486996066E+01  8.0332386508E-01
H22       7.3786358050E-02  2.9869607394E-05  5.8575982774E-01 -5.8675968815E-01  1.0140939162E-01
H23       6.1053042117E-01  3.4274562123E-05  3.2296892239E-01 -3.2352021291E-01  1.1313256583E-01
H24       1.1676110100E-02  4.5592309331E-05  6.1679491137E-01 -6.1784774700E-01  1.0062308757E-01
H25       5.0241958194E-01  2.8648122869E-05  3.9083808402E-01 -3.9150522354E-01  1.6373454922E-01
H26       1.2838011860E-02  2.5815360270E-05  6.0813528987E-01 -6.0917334399E-01  9.9925823116E-02
H27       6.3871465810E-02  3.5530899436E-05  5.9538240569E-01 -5.9639869132E-01  9.6597257050E-02
H28       4.9494549216E-01  2.1099108449E-05  3.9416512399E-01 -3.9483794258E-01  1.6571774541E-01
H29       4.9463026068E-01  2.7440907940E-05  3.9421033899E-01 -3.9488323477E-01  1.6781792748E-01
H30      -3.6054591500E-02  5.2692351011E-05  6.3811553301E-01 -6.3920476179E-01  9.2775747456E-02
H31       6.1465685800E-03  4.2157975893E-05  6.1929053760E-01 -6.2034763313E-01  1.0098461157E-01
H32       1.5713837450E-02  4.6800509548E-05  6.1305520851E-01 -6.1410166067E-01  9.7146948092E-02
H33      -2.3850432500E-02  2.6247202792E-05  6.2983295356E-01 -6.3090804442E-01  9.7365434065E-02
H34      -2.7005374100E-02  2.4993113588E-05  6.3118810422E-01 -6.3226550825E-01  9.7522304694E-02
H35       6.4067200528E-01  4.3941869356E-05  3.1255292841E-01 -3.1308643939E-01  9.2476732726E-02
H36       5.1426856910E-01  3.4907941824E-05  3.8559329355E-01 -3.8625148049E-01  1.5834495230E-01
--------------------------------------------------------------------------------------------------
Total     9.9962731768E-01 -6.0845405942E-04  1.0089011237E+03 -1.0106232635E+03
 
Molecular charge q(Mol) from the wfx file:   1.0000000000E+00
Molecular energy E(Mol) from the wfx file:  -1.0106233965E+03
Molecular virial ratio (-V(Mol)/T(Mol)) from the wfx file:   2.0017069460E+00
Note.  K_Scaled(A) = (1+V(Mol)/T(Mol))*K(A) = E(Mol)/T(Mol)*K(A)
       Use K_Scaled(A) with caution.
 
Some Information About the Atomic Calculations:
----------------------------------------------
  Time(sec) = "Elapsed User Time", in Seconds, for Atom A by AIMInt
  NProc = Number of Processors Used for AIMInt Job
  BIM = Basin Integration Method
  OAQ = Angular Quadrature Outside of Beta Sphere
  ORQ = Multiple of Default for Radial Quadrature Outside of Beta Sphere
  IAQ = Multiple of Default for Angular Quadrature Inside of Beta Sphere
  IRQ = Multiple of Default for Radial Quadrature Inside of Beta Sphere
  MIR = Maximum Integration Radius
------------------------------------------------------------------------------------------------------
Atom A     Time(sec)   NProc      BIM              OAQ                 ORQ      IAQ      IRQ      MIR
------------------------------------------------------------------------------------------------------
C1            157        1     Proaim(5)    120*80    (High)           1.00     1.00     1.00    10.00
N2            218        1     Proaim(5)    120*80    (High)           1.00     1.00     1.00    10.00
C3            165        1     Proaim(5)    120*80    (High)           1.00     1.00     1.00    10.00
N4            245        1     Proaim(5)    120*80    (High)           1.00     1.00     1.00    10.00
C5            231        1     Proaim(5)    120*80    (High)           1.00     1.00     1.00    10.00
C6            222        1     Proaim(5)    120*80    (High)           1.00     1.00     1.00    10.00
O7            178        1     Proaim(5)    96*64     (High)           1.00     1.00     1.00    10.00
N8            366        1     Proaim(5)    120*80    (High)           1.00     1.00     1.00    10.00
C9            184        1     Proaim(5)    120*80    (High)           1.00     1.00     1.00    10.00
N10           521        1     Proaim(5)    120*80    (High)           1.00     1.00     1.00    10.00
N11           252        1     Proaim(5)    120*80    (High)           1.00     1.00     1.00    10.00
C12           209        1     Proaim(5)    120*80    (High)           1.00     1.00     1.00    10.00
C13           231        1     Proaim(5)    120*80    (High)           1.00     1.00     1.00    10.00
N14           321        1     Proaim(5)    120*80    (High)           1.00     1.00     1.00    10.00
C15           213        1     Proaim(5)    120*80    (High)           1.00     1.00     1.00    10.00
O16           313        1     Proaim(5)    120*80    (High)           1.00     1.00     1.00    10.00
N17           378        1     Proaim(5)    120*80    (High)           1.00     1.00     1.00    10.00
C18           266        1     Proaim(5)    120*80    (High)           1.00     1.00     1.00    10.00
N19           274        1     Proaim(5)    120*80    (High)           1.00     1.00     1.00    10.00
C20           235        1     Proaim(5)    120*80    (High)           1.00     1.00     1.00    10.00
C21           298        1     Proaim(5)    120*80    (High)           1.00     1.00     1.00    10.00
H22            56        1     Proaim(5)    72*48     (High)           1.00     1.00     1.00    10.00
H23           243        1     Proaim(5)    120*80    (High)           1.00     1.00     1.00    10.00
H24           104        1     Proaim(5)    72*48     (High)           1.00     1.00     1.00    10.00
H25            32        1     Proaim(5)    72*48     (High)           1.00     1.00     1.00    10.00
H26            44        1     Proaim(5)    72*48     (High)           1.00     1.00     1.00    10.00
H27            58        1     Proaim(5)    72*48     (High)           1.00     1.00     1.00    10.00
H28           102        1     Proaim(5)    72*48     (High)           1.00     1.00     1.00    10.00
H29            86        1     Proaim(5)    72*48     (High)           1.00     1.00     1.00    10.00
H30            66        1     Proaim(5)    72*48     (High)           1.00     1.00     1.00    10.00
H31            93        1     Proaim(5)    72*48     (High)           1.00     1.00     1.00    10.00
H32            53        1     Proaim(5)    72*48     (High)           1.00     1.00     1.00    10.00
H33            85        1     Proaim(5)    72*48     (High)           1.00     1.00     1.00    10.00
H34            58        1     Proaim(5)    72*48     (High)           1.00     1.00     1.00    10.00
H35           115        1     Proaim(5)    120*80    (High)           1.00     1.00     1.00    10.00
H36            37        1     Proaim(5)    72*48     (High)           1.00     1.00     1.00    10.00
------------------------------------------------------------------------------------------------------
Total        6709
Note:  Total wall clock time is less than Total of atomic times if more than one atom
       was calculated at a time
 
Electron Density Critical Point Analysis of Molecular Structure:               
---------------------------------------------------------------                
  NACP = Nuclear Attractor Critical Point                                      
  NNACP = Non-Nuclear Attractor Critical Point                                 
  BCP = Bond Critical Point                                                    
  RCP = Ring Critical Point                                                    
  CCP = Cage Critical Point                                                    
  Rho = Electron Density                                                       
  GradRho = Gradient of Electron Density                                       
  HessRho_EigVals = Eigenvalues of the Hessian of Rho, Ascending Order         
  HessRho_EigVecs = Eigenvectors of the Hessian of Rho                         
  DelSqRho = Laplacian of Rho = Trace of Hessian of Rho                        
  Bond Ellipticity = (HessRho_EigVal(1) / HessRho_EigVal(2)) - 1               
  V = Virial Field = Potential Energy Density = Trace of Stress Tensor         
  G = Lagrangian Form of Kinetic Energy Density                                
  K = Hamiltonian Form of Kinetic Energy Density                               
  L = K - G = Lagrangian Density = (-1/4)DelSqRho                              
  Vnuc = Electrostatic Potential from Nuclei                                   
  Ven = Electron-nuclear attractive contribution to Virial Field V             
  Vrep = V - Ven = Repulsive contribution to Virial Field V                    
  DelSqV = Laplacian of V                                                      
  DelSqVen = Laplacian of Ven                                                  
  DelSqVrep = Laplacian of Vrep                                                
  DelSqG = Laplacian of G                                                      
  DelSqK = Laplacian of K                                                      
  Stress_EigVals = Eigenvalues of Stress Tensor, Ascending Order               
  Stress_EigVecs = Eigenvectors of Stress Tensor                               
  -DivStress = Ehrenfest Force Density = Minus Divergence of Stress Tensor     
  BP = Bond Path                                                               
  BPL = Bond Path Length                                                       
  GBL = Geometric Bond Length                                                  
  GBL_I = Distance Between Nuclear Attractors                                  
  GBL_II = Distance Between Nuclei                                             
  GBL_III = Sum of Distances Between BCP and Nuclear Attractors                
  GBL_IV = Sum of Distances Between BCP and Nuclei                             

CP# 1      Coords = -1.02615664563003E+01  3.53549275909371E+00  6.96437127998339E-01
           Type = (3,-3) NACP C1
           Rho =  1.2061927373E+02     Rho at Nucleus =  1.2061927212E+02
           GradRho =  1.9229475382E-10 -2.5492207205E-11 -8.0544299258E-13
           HessRho_EigVals = -2.2219778826E+05 -2.2219581306E+05 -2.2219565420E+05
           HessRho_EigVec1 = -4.8180012286E-01  8.5728830329E-01  1.8145359364E-01
           HessRho_EigVec2 = -1.6806217487E-03 -2.0797598451E-01  9.7813248866E-01
           HessRho_EigVec3 =  8.7627953138E-01  4.7095939836E-01  1.0164363226E-01
           DelSqRho = -6.6658925553E+05
           Bond Ellipticity = NA
           V = -1.6665786087E+05
           G =  5.2734932637E+00
           K =  1.6665258738E+05
           L =  1.6664731388E+05
           Vnuc =  1.5748613712E+06
           Ven = -1.8995863483E+08
           Vrep =  1.8979197697E+08
           DelSqV =  8.1587918985E+09
           DelSqVen =  1.0497856758E+12
           DelSqVrep = -1.0416268839E+12
           DelSqG =  3.0700586999E+08
           DelSqK = -8.4657977685E+09
           Stress_EigVals = -5.5552832067E+04 -5.5552786355E+04 -5.5552242447E+04
           Stress_EigVec1 =  8.7608346799E-01  4.7105386480E-01  1.0288835491E-01
           Stress_EigVec2 = -2.5280968106E-03 -2.0890003546E-01  9.7793373186E-01
           Stress_EigVec3 = -4.8215284490E-01  8.5701168699E-01  1.8182299775E-01
           -DivStress = -5.4497657469E+03  8.3775653110E+03  1.8347315272E+03

CP# 2      Coords = -8.95275813337199E+00  1.15881416954607E+00  1.94362152121876E-01
           Type = (3,-3) NACP N2
           Rho =  1.9566936954E+02     Rho at Nucleus =  1.9566936921E+02
           GradRho =  3.4640737629E-09  1.2708255138E-09  4.3250351217E-12
           HessRho_EigVals = -4.9025387395E+05 -4.9025283614E+05 -4.9024586277E+05
           HessRho_EigVec1 =  9.9207384103E-01 -1.2145193602E-01 -3.2232300286E-02
           HessRho_EigVec2 =  1.2548572114E-01  9.7093819855E-01  2.0379486838E-01
           HessRho_EigVec3 =  6.5442902600E-03 -2.0622425130E-01  9.7848287182E-01
           DelSqRho = -1.4707525729E+06
           Bond Ellipticity = NA
           V = -3.6772477525E+05
           G =  1.8316015741E+01
           K =  3.6770645923E+05
           L =  3.6768814321E+05
           Vnuc =  6.0655145842E+06
           Ven = -1.1868354146E+09
           Vrep =  1.1864676898E+09
           DelSqV =  2.4433950373E+10
           DelSqVen =  8.9208709448E+12
           DelSqVrep = -8.8964369944E+12
           DelSqG =  9.2134058116E+08
           DelSqK = -2.5355290954E+10
           Stress_EigVals = -1.2257590294E+05 -1.2257458229E+05 -1.2257429001E+05
           Stress_EigVec1 =  9.0779135318E-03 -2.0567946662E-01  9.7857730839E-01
           Stress_EigVec2 =  9.0981227667E-03  9.7859411418E-01  2.0559859885E-01
           Stress_EigVec3 =  9.9991740441E-01 -7.0368101858E-03 -1.0754889789E-02
           -DivStress = -8.7441952980E+03 -2.8645038966E+03 -2.4424637241E+01

CP# 3      Coords = -1.00434078130896E+01 -1.18606905002823E+00 -3.10861224021289E-01
           Type = (3,-3) NACP C3
           Rho =  1.2079077727E+02     Rho at Nucleus =  1.2079077625E+02
           GradRho = -1.7806604633E-10 -2.0358490013E-11  2.9794786430E-12
           HessRho_EigVals = -2.2249648258E+05 -2.2249640321E+05 -2.2249479596E+05
           HessRho_EigVec1 =  2.9074544799E-01  9.5244539047E-01  9.1185868672E-02
           HessRho_EigVec2 =  2.9805288317E-02 -1.0427244711E-01  9.9410205792E-01
           HessRho_EigVec3 =  9.5633609639E-01 -2.8631282707E-01 -5.8704648818E-02
           DelSqRho = -6.6748768176E+05
           Bond Ellipticity = NA
           V = -1.6688239024E+05
           G =  5.2348981374E+00
           K =  1.6687715534E+05
           L =  1.6687192044E+05
           Vnuc =  1.9845283458E+06
           Ven = -2.3971272140E+08
           Vrep =  2.3954583901E+08
           DelSqV =  8.1696233610E+09
           DelSqVen =  1.3246482227E+12
           DelSqVrep = -1.3164785994E+12
           DelSqG =  3.0739666231E+08
           DelSqK = -8.4770200233E+09
           Stress_EigVals = -5.5627898911E+04 -5.5627337711E+04 -5.5627153615E+04
           Stress_EigVec1 =  9.4191267863E-01 -3.2908692130E-01 -6.7099210579E-02
           Stress_EigVec2 =  3.3577806765E-01  9.1834949107E-01  2.0949296295E-01
           Stress_EigVec3 = -7.3208683255E-03 -2.1985452116E-01  9.7550519958E-01
           -DivStress = -3.1761509860E+03 -7.2592078235E+03 -1.5429568507E+03

CP# 4      Coords = -8.38014201150479E+00 -2.97191664340885E+00 -6.84152687333159E-01
           Type = (3,-3) NACP N4
           Rho =  1.9623756812E+02     Rho at Nucleus =  1.9623754803E+02
           GradRho =  2.1202588428E-10 -6.6592491233E-11 -1.0538601025E-11
           HessRho_EigVals = -4.9165264041E+05 -4.9165218232E+05 -4.9164242470E+05
           HessRho_EigVec1 =  1.8505223815E-02 -2.0936455015E-01  9.7766253985E-01
           HessRho_EigVec2 =  9.8979201673E-01 -1.3436750006E-01 -4.7509352268E-02
           HessRho_EigVec3 =  1.4131284555E-01  9.6856174820E-01  2.0474085966E-01
           DelSqRho = -1.4749472474E+06
           Bond Ellipticity = NA
           V = -3.6877110883E+05
           G =  1.7148482822E+01
           K =  3.6875396034E+05
           L =  3.6873681186E+05
           Vnuc =  7.7423850461E+05
           Ven = -1.5193468129E+08
           Vrep =  1.5156591018E+08
           DelSqV =  2.4502716422E+10
           DelSqVen =  1.1419609516E+12
           DelSqVrep = -1.1174582351E+12
           DelSqG =  9.2391353845E+08
           DelSqK = -2.5426629961E+10
           Stress_EigVals = -1.2292514592E+05 -1.2292321406E+05 -1.2292274885E+05
           Stress_EigVec1 =  1.1400029033E-01  9.7200689583E-01  2.0544227480E-01
           Stress_EigVec2 =  9.9347758227E-01 -1.1101642874E-01 -2.6031636031E-02
           Stress_EigVec3 =  2.4954620704E-03 -2.0706990853E-01  9.7832296592E-01
           -DivStress = -1.4467534106E+04 -6.9374663886E+04 -1.4686263923E+04

CP# 5      Coords = -6.07235546279175E+00 -1.80552420695757E+00 -4.31199561595412E-01
           Type = (3,-3) NACP C5
           Rho =  1.2079451363E+02     Rho at Nucleus =  1.2079451362E+02
           GradRho =  7.4462415102E-11 -1.6845156346E-11  3.2864752586E-12
           HessRho_EigVals = -2.2257079407E+05 -2.2257047002E+05 -2.2257003354E+05
           HessRho_EigVec1 =  6.0530976412E-01  7.7114513135E-01  1.9732023681E-01
           HessRho_EigVec2 =  7.9590691252E-01 -5.8277352492E-01 -1.6403415880E-01
           HessRho_EigVec3 =  1.1501132989E-02 -2.5634001843E-01  9.6651824550E-01
           DelSqRho = -6.6771129763E+05
           Bond Ellipticity = NA
           V = -1.6693888197E+05
           G =  5.5287838662E+00
           K =  1.6693335319E+05
           L =  1.6692782441E+05
           Vnuc =  2.3340971996E+07
           Ven = -2.8194613599E+09
           Vrep =  2.8192944210E+09
           DelSqV =  8.1725905028E+09
           DelSqVen =  1.5585060585E+13
           DelSqVrep = -1.5576887995E+13
           DelSqG =  3.0759550719E+08
           DelSqK = -8.4801860099E+09
           Stress_EigVals = -5.5646405845E+04 -5.5646272011E+04 -5.5646204119E+04
           Stress_EigVec1 =  8.9443557477E-01 -4.4250301093E-01 -6.4622657857E-02
           Stress_EigVec2 =  4.4674514586E-01  8.9064677090E-01  8.4658751120E-02
           Stress_EigVec3 =  2.0094209275E-02 -1.0459165743E-01  9.9431222860E-01
           -DivStress = -1.5896037742E+01  6.9376799764E+02 -1.5642514757E-01

CP# 6      Coords = -3.54355152248588E+00 -2.84194299949765E+00 -6.09078786234478E-01
           Type = (3,-3) NACP C6
           Rho =  1.2079446935E+02     Rho at Nucleus =  1.2079446743E+02
           GradRho = -4.0012859457E-11  1.1881662565E-11 -6.1955666292E-12
           HessRho_EigVals = -2.2248577857E+05 -2.2248444150E+05 -2.2248244525E+05
           HessRho_EigVec1 = -2.4461910011E-02 -2.0818575058E-01  9.7778336466E-01
           HessRho_EigVec2 =  7.5422047886E-01  6.3812853883E-01  1.5473667049E-01
           HessRho_EigVec3 = -6.5616543967E-01  7.4124939203E-01  1.4140811361E-01
           DelSqRho = -6.6745266533E+05
           Bond Ellipticity = NA
           V = -1.6687316768E+05
           G =  5.0006740761E+00
           K =  1.6686816701E+05
           L =  1.6686316633E+05
           Vnuc =  1.4435528331E+06
           Ven = -1.7437319845E+08
           Vrep =  1.7420632528E+08
           DelSqV =  8.1691282876E+09
           DelSqVen =  9.6350317773E+11
           DelSqVrep = -9.5533404944E+11
           DelSqG =  3.0735404274E+08
           DelSqK = -8.4764823303E+09
           Stress_EigVals = -5.5625069799E+04 -5.5624298152E+04 -5.5623799728E+04
           Stress_EigVec1 = -6.1644338723E-01  7.7300477467E-01  1.4987050637E-01
           Stress_EigVec2 =  7.8705203108E-01  5.9925560025E-01  1.4643027674E-01
           Stress_EigVec3 = -2.3380562821E-02 -2.0822186223E-01  9.7780212997E-01
           -DivStress = -7.1320420091E+03 -8.2794908578E+03 -1.8557596250E+03

CP# 7      Coords = -2.85552580803638E+00 -4.97251069675141E+00 -1.04445391182135E+00
           Type = (3,-3) NACP O7
           Rho =  2.9771614452E+02     Rho at Nucleus =  2.9771611680E+02
           GradRho =  1.4722983815E-10 -1.1333545707E-10  9.4545405793E-11
           HessRho_EigVals = -9.6951268087E+05 -9.6951019396E+05 -9.6948922787E+05
           HessRho_EigVec1 = -2.4902904076E-02 -1.8891202796E-01  9.8167820138E-01
           HessRho_EigVec2 = -2.9143644342E-01  9.4069990765E-01  1.7363318573E-01
           HessRho_EigVec3 =  9.5626599062E-01  2.8177283303E-01  7.8482009115E-02
           DelSqRho = -2.9085121027E+06
           Bond Ellipticity = NA
           V = -7.2722480149E+05
           G =  4.8387908062E+01
           K =  7.2717641358E+05
           L =  7.2712802568E+05
           Vnuc =  1.0578614836E+06
           Ven = -3.1494244235E+08
           Vrep =  3.1421521754E+08
           DelSqV =  6.2578171390E+10
           DelSqVen =  3.0768029266E+12
           DelSqVrep = -3.0142247552E+12
           DelSqG =  2.3681903806E+09
           DelSqK = -6.4946361771E+10
           Stress_EigVals = -2.4241199994E+05 -2.4240667420E+05 -2.4240612735E+05
           Stress_EigVec1 =  9.5721881553E-01  2.7868369724E-01  7.7894390627E-02
           Stress_EigVec2 = -2.8822638604E-01  9.4211467004E-01  1.7130527978E-01
           Stress_EigVec3 = -2.5645459397E-02 -1.8642785571E-01  9.8213388345E-01
           -DivStress =  4.1663305414E+04 -1.4579365947E+05 -3.0008022084E+04

CP# 8      Coords = -1.65299997255994E+00 -8.95788468513349E-01 -1.39370509019160E-01
           Type = (3,-3) NACP N8
           Rho =  1.9573203440E+02     Rho at Nucleus =  1.9573203242E+02
           GradRho =  2.9853242274E-12  2.5161204283E-11  4.6274664873E-12
           HessRho_EigVals = -4.9042444965E+05 -4.9042097155E+05 -4.9041638015E+05
           HessRho_EigVec1 =  9.6868394352E-02  9.7872372392E-01  1.8087671604E-01
           HessRho_EigVec2 =  9.9008640818E-01 -1.1332833910E-01  8.2979466721E-02
           HessRho_EigVec3 = -1.0171243049E-01 -1.7104549040E-01  9.7999899066E-01
           DelSqRho = -1.4712618014E+06
           Bond Ellipticity = NA
           V = -3.6785231907E+05
           G =  1.8434365854E+01
           K =  3.6783388470E+05
           L =  3.6781545034E+05
           Vnuc =  2.4588958591E+06
           Ven = -4.8128468888E+08
           Vrep =  4.8091683657E+08
           DelSqV =  2.4442395300E+10
           DelSqVen =  3.6176796140E+12
           DelSqVrep = -3.5932372187E+12
           DelSqG =  9.2168404774E+08
           DelSqK = -2.5364079348E+10
           Stress_EigVals = -1.2261823808E+05 -1.2261743581E+05 -1.2261664518E+05
           Stress_EigVec1 = -1.0208106247E-01 -1.7164080062E-01  9.7985656718E-01
           Stress_EigVec2 =  9.9092192017E-01 -1.0416810131E-01  8.4986791862E-02
           Stress_EigVec3 =  8.7482597158E-02  9.7963689305E-01  1.8071622219E-01
           -DivStress =  1.1839727649E+04 -1.8942219150E+04 -4.2862637471E+03

CP# 9      Coords = -2.04441665513238E+00  1.55395055927061E+00  3.27143790798695E-01
           Type = (3,-3) NACP C9
           Rho =  1.2069986131E+02     Rho at Nucleus =  1.2069986115E+02
           GradRho = -1.3865693135E-09  7.7530115758E-10  4.2805829194E-11
           HessRho_EigVals = -2.2229255092E+05 -2.2229014173E+05 -2.2228962828E+05
           HessRho_EigVec1 = -2.8527166678E-02 -1.8410420071E-01  9.8249266870E-01
           HessRho_EigVec2 =  9.5811900649E-01 -2.8522139143E-01 -2.5626690663E-02
           HessRho_EigVec3 =  2.8494590744E-01  9.4061384274E-01  1.8453029204E-01
           DelSqRho = -6.6687232094E+05
           Bond Ellipticity = NA
           V = -1.6672819421E+05
           G =  5.0569895420E+00
           K =  1.6672313722E+05
           L =  1.6671808023E+05
           Vnuc =  4.9426250705E+06
           Ven = -5.9657416052E+08
           Vrep =  5.9640743233E+08
           DelSqV =  8.1620310318E+09
           DelSqVen =  3.2961000243E+12
           DelSqVrep = -3.2879379933E+12
           DelSqG =  3.0706078826E+08
           DelSqK = -8.4690918201E+09
           Stress_EigVals = -5.5576485244E+04 -5.5576301442E+04 -5.5575407527E+04
           Stress_EigVec1 =  3.1591108689E-01  9.3115690895E-01  1.8206316514E-01
           Stress_EigVec2 =  9.4853813571E-01 -3.1436903662E-01 -3.8046207750E-02
           Stress_EigVec3 = -2.1808032624E-02 -1.8471307409E-01  9.8255050251E-01
           -DivStress =  2.8084159558E+03 -1.5941050530E+03 -9.2458596339E+01

CP# 10     Coords = -1.07335206464488E-01  3.15263507987074E+00  6.20310877293763E-01
           Type = (3,-3) NACP N10
           Rho =  1.9556829208E+02     Rho at Nucleus =  1.9556829065E+02
           GradRho = -6.0557581085E-13  2.3599701186E-11 -1.0599295747E-11
           HessRho_EigVals = -4.8999479028E+05 -4.8999213868E+05 -4.8998436967E+05
           HessRho_EigVec1 = -5.4395098976E-01 -8.1052082460E-01 -2.1719418414E-01
           HessRho_EigVec2 =  8.3450764541E-01 -4.9543494270E-01 -2.4112487907E-01
           HessRho_EigVec3 =  8.7831147638E-02 -3.1241032383E-01  9.4587815234E-01
           DelSqRho = -1.4699712986E+06
           Bond Ellipticity = NA
           V = -3.6752996159E+05
           G =  1.8568464557E+01
           K =  3.6751139312E+05
           L =  3.6749282466E+05
           Vnuc =  2.8984414861E+06
           Ven = -5.6684325114E+08
           Vrep =  5.6647572118E+08
           DelSqV =  2.4421086567E+10
           DelSqVen =  4.2606258258E+12
           DelSqVrep = -4.2362047392E+12
           DelSqG =  9.2083810234E+08
           DelSqK = -2.5341924669E+10
           Stress_EigVals = -1.2251122941E+05 -1.2250966526E+05 -1.2250906692E+05
           Stress_EigVec1 =  9.6492672861E-02 -3.1331825796E-01  9.4473320748E-01
           Stress_EigVec2 =  8.4595422808E-01 -4.7430840206E-01 -2.4370675767E-01
           Stress_EigVec3 =  5.2445267478E-01  8.2271696771E-01  2.1928561958E-01
           -DivStress =  1.7995217968E+04  4.2362947662E+03 -5.4150088005E+03

CP# 11     Coords = -4.46356137378085E+00  2.43174980981598E+00  4.82506773122686E-01
           Type = (3,-3) NACP N11
           Rho =  1.9554856328E+02     Rho at Nucleus =  1.9554856300E+02
           GradRho =  1.2349733085E-09 -1.6525440513E-09 -2.4094344714E-09
           HessRho_EigVals = -4.8997716471E+05 -4.8997619785E+05 -4.8996632344E+05
           HessRho_EigVec1 =  9.9114632930E-01 -1.3187441571E-01  1.5430243142E-02
           HessRho_EigVec2 =  1.2905142405E-01  9.8415568948E-01  1.2158663090E-01
           HessRho_EigVec3 = -3.1219927487E-02 -1.1851884806E-01  9.9246088023E-01
           DelSqRho = -1.4699196860E+06
           Bond Ellipticity = NA
           V = -3.6751721850E+05
           G =  1.8648500083E+01
           K =  3.6749857000E+05
           L =  3.6747992150E+05
           Vnuc =  6.5073681719E+06
           Ven = -1.2725064967E+09
           Vrep =  1.2721389795E+09
           DelSqV =  2.4420397882E+10
           DelSqVen =  9.5653085839E+12
           DelSqVrep = -9.5408881861E+12
           DelSqG =  9.2086794100E+08
           DelSqK = -2.5341265823E+10
           Stress_EigVals = -1.2250716918E+05 -1.2250513066E+05 -1.2250491866E+05
           Stress_EigVec1 = -3.1118919517E-02 -1.1890496250E-01  9.9241786700E-01
           Stress_EigVec2 =  1.3065171040E-01  9.8389574611E-01  1.2198070076E-01
           Stress_EigVec3 =  9.9093982835E-01 -1.3345699937E-01  1.5082635810E-02
           -DivStress = -3.0092812439E+03  4.7216924155E+03  6.5228354981E+03

CP# 12     Coords = -6.41825077407926E+00  7.26128065636733E-01  1.05585751005552E-01
           Type = (3,-3) NACP C12
           Rho =  1.2077318753E+02     Rho at Nucleus =  1.2077318482E+02
           GradRho =  2.8605701032E-11  6.8814139771E-12 -5.4829177223E-13
           HessRho_EigVals = -2.2250050532E+05 -2.2250009301E+05 -2.2249879623E+05
           HessRho_EigVec1 =  9.3145529020E-01  3.4750651161E-01  1.0784371443E-01
           HessRho_EigVec2 = -4.4060132793E-02 -1.8648636619E-01  9.8146907232E-01
           HessRho_EigVec3 = -3.6117827600E-01  9.1894616796E-01  1.5839252929E-01
           DelSqRho = -6.6749939455E+05
           Bond Ellipticity = NA
           V = -1.6688561009E+05
           G =  5.3807260403E+00
           K =  1.6688022936E+05
           L =  1.6687484864E+05
           Vnuc =  1.2165128875E+06
           Ven = -1.4692213909E+08
           Vrep =  1.4675525348E+08
           DelSqV =  8.1699015629E+09
           DelSqVen =  8.1202161664E+11
           DelSqVrep = -8.0385171508E+11
           DelSqG =  3.0745324376E+08
           DelSqK = -8.4773548067E+09
           Stress_EigVals = -5.5628874627E+04 -5.5628458785E+04 -5.5628276678E+04
           Stress_EigVec1 = -3.5366319098E-01  9.1907206539E-01  1.7386456216E-01
           Stress_EigVec2 =  9.3535760536E-01  3.4855505835E-01  6.0129205800E-02
           Stress_EigVec3 =  5.3382992450E-03 -1.8389102731E-01  9.8293214040E-01
           -DivStress = -5.4538679240E+02 -1.2859025793E+04 -2.7939168992E+03

CP# 13     Coords =  7.46856086010709E+00 -4.93868586551490E+00  9.33947353499383E-01
           Type = (3,-3) NACP C13
           Rho =  1.2063580526E+02     Rho at Nucleus =  1.2063580353E+02
           GradRho =  5.5480067289E-11  4.5739557617E-11  8.8307885941E-12
           HessRho_EigVals = -2.2222227484E+05 -2.2222001548E+05 -2.2221995697E+05
           HessRho_EigVec1 = -3.5158394084E-02  9.8315058610E-01 -1.7938453775E-01
           HessRho_EigVec2 =  9.8463443514E-01  3.3548646964E-03 -1.7459603096E-01
           HessRho_EigVec3 =  1.7105237932E-01  1.8276670906E-01  9.6816187365E-01
           DelSqRho = -6.6666224729E+05
           Bond Ellipticity = NA
           V = -1.6667609707E+05
           G =  5.2676241723E+00
           K =  1.6667082945E+05
           L =  1.6666556182E+05
           Vnuc =  1.5178172500E+06
           Ven = -1.8310310620E+08
           Vrep =  1.8293643010E+08
           DelSqV =  8.1596538415E+09
           DelSqVen =  1.0118714573E+12
           DelSqVrep = -1.0037118034E+12
           DelSqG =  3.0703096086E+08
           DelSqK = -8.4666848023E+09
           Stress_EigVals = -5.5558917818E+04 -5.5558904216E+04 -5.5558275035E+04
           Stress_EigVec1 =  1.9709189055E-01  1.8181898560E-01  9.6337772611E-01
           Stress_EigVec2 =  9.7985571454E-01 -4.2465213760E-03 -1.9966157803E-01
           Stress_EigVec3 = -3.2211261473E-02  9.8332284807E-01 -1.7899332698E-01
           -DivStress = -1.4363840600E+03 -1.0279904855E+04  1.8443741458E+03

CP# 14     Coords =  7.55004937126539E+00 -2.20386968391444E+00  4.32975809167580E-01
           Type = (3,-3) NACP N14
           Rho =  1.9567572169E+02     Rho at Nucleus =  1.9567572149E+02
           GradRho =  8.4510779926E-10  1.6745846848E-09 -3.3601677062E-10
           HessRho_EigVals = -4.9027850412E+05 -4.9027801059E+05 -4.9027062816E+05
           HessRho_EigVec1 =  9.9887310160E-01  1.8680909342E-02 -4.3629697842E-02
           HessRho_EigVec2 = -2.6168668197E-02  9.8369591095E-01 -1.7792570241E-01
           HessRho_EigVec3 =  3.9594541447E-02  1.7886692931E-01  9.8307624012E-01
           DelSqRho = -1.4708271429E+06
           Bond Ellipticity = NA
           V = -3.6774356249E+05
           G =  1.8388386386E+01
           K =  3.6772517410E+05
           L =  3.6770678572E+05
           Vnuc =  7.8374779632E+06
           Ven = -1.5336041566E+09
           Vrep =  1.5332364131E+09
           DelSqV =  2.4435223958E+10
           DelSqVen =  1.1527574520E+13
           DelSqVrep = -1.1503139296E+13
           DelSqG =  9.2140468560E+08
           DelSqK = -2.5356628644E+10
           Stress_EigVals = -1.2258219383E+05 -1.2258072573E+05 -1.2258064293E+05
           Stress_EigVec1 =  3.8963359675E-02  1.7843874338E-01  9.8317926721E-01
           Stress_EigVec2 =  2.6406325280E-01  9.4710952260E-01 -1.8235720639E-01
           Stress_EigVec3 =  9.6371803715E-01 -2.6672676480E-01  1.0216546021E-02
           -DivStress = -2.5592840000E+03 -6.5078791918E+03  1.3448640495E+03

CP# 15     Coords =  5.23969806050171E+00 -9.07403563084521E-01  2.86155628622620E-01
           Type = (3,-3) NACP C15
           Rho =  1.2070862623E+02     Rho at Nucleus =  1.2070862587E+02
           GradRho =  4.9856342278E-09 -1.2122587387E-09  8.4723514825E-11
           HessRho_EigVals = -2.2229836267E+05 -2.2229620362E+05 -2.2229515110E+05
           HessRho_EigVec1 =  3.8604392414E-02  1.7931085031E-01  9.8303475007E-01
           HessRho_EigVec2 =  7.5764758204E-01 -6.4667627495E-01  8.8203950228E-02
           HessRho_EigVec3 =  6.5152117564E-01  7.4138884155E-01 -1.6081897685E-01
           DelSqRho = -6.6688971740E+05
           Bond Ellipticity = NA
           V = -1.6673238010E+05
           G =  4.9753738332E+00
           K =  1.6672740472E+05
           L =  1.6672242935E+05
           Vnuc =  3.3415751419E+06
           Ven = -4.0335694482E+08
           Vrep =  4.0319021244E+08
           DelSqV =  8.1621991074E+09
           DelSqVen =  2.2284621906E+12
           DelSqVrep = -2.2202999915E+12
           DelSqG =  3.0705373080E+08
           DelSqK = -8.4692528382E+09
           Stress_EigVals = -5.5577993301E+04 -5.5577578818E+04 -5.5576807979E+04
           Stress_EigVec1 =  6.6399497799E-01  7.3041795262E-01 -1.6000088656E-01
           Stress_EigVec2 =  7.4670620896E-01 -6.5895333828E-01  9.0610901454E-02
           Stress_EigVec3 =  3.9249289199E-02  1.7963883895E-01  9.8294932771E-01
           -DivStress = -4.6207866467E+03  1.1853911172E+03 -9.0049497564E+01

CP# 16     Coords =  3.26175748049546E+00 -2.13455132840959E+00  5.97212906757459E-01
           Type = (3,-3) NACP O16
           Rho =  2.9752564113E+02     Rho at Nucleus =  2.9752561868E+02
           GradRho =  1.2611851979E-10 -9.8722904499E-11  3.7803824280E-11
           HessRho_EigVals = -9.6897317653E+05 -9.6896534701E+05 -9.6895123816E+05
