AIMSum (Version 11.12.19, Professional)
Copyright (c) 1997-2011 by Todd A. Keith
AIMSum is a component of the AIMAll package ( http://aim.tkgristmill.com )

Much of the Quantum Theory of Atoms in Molecules (QTAIM) is described in the book:
  "Atoms in Molecules - A Quantum Theory"
  R.F.W. Bader, Oxford University Press, Oxford, 1990

For additional references see:  http://aim.tkgristmill.com/references.html

Wfx File:  /home4/vemuri/FCHK/CHK-N3Prot/chk-Mp2-Spe-FOPT_GUWWT-N3prot-19.wfx
Sum File:  /home4/vemuri/FCHK/CHK-N3Prot/chk-Mp2-Spe-FOPT_GUWWT-N3prot-19.sum

SumViz File:  /home4/vemuri/FCHK/CHK-N3Prot/chk-Mp2-Spe-FOPT_GUWWT-N3prot-19.sumviz

Wfx Title:  CHK-Mp2-Spe of GUWWT N3 prot from fopt step19                                  
 
Total memory allocated for AIMSum =       22.872 Megabytes

Atomic units (a.u.) used throughout, except where stated otherwise

Restricted, closed-shell, single-determinant wavefunction.
  Number of electrons (from MO Occs)                   =         152.0000000000
  Number of Alpha electrons (from MO Occs)             =          76.0000000000
  Number of Beta electrons (from MO Occs)              =          76.0000000000
  Number of electron pairs (N*(N-1)/2)                 =       11476.0000000000
  Number of electron pairs (from Muller 2EDM)          =       11476.0000000000
 
Nuclear Charges and Cartesian Coordinates:
-------------------------------------------------------------------------------
Atom      Charge                X                  Y                  Z
-------------------------------------------------------------------------------
C1         6.0          -1.1646835700E+01  -2.1432895900E+00   1.9218514800E-03
N2         7.0          -9.2983917700E+00  -6.5320273500E-01   6.7652195600E-04
C3         6.0          -7.0326365900E+00  -2.0289517100E+00  -5.5368975700E-04
O4         8.0          -6.9736695800E+00  -4.3223195600E+00  -5.0644660400E-04
N5         7.0          -4.8537653500E+00  -5.3857383800E-01  -1.8916158600E-03
C6         6.0          -4.7494940400E+00   2.0668010300E+00  -1.9653151800E-03
O7         8.0          -2.6483982600E+00   3.1838710600E+00  -3.3126899100E-03
C8         6.0          -7.1435465100E+00   3.3308558500E+00  -5.1778496000E-04
C9         6.0          -9.2997353600E+00   1.9231705100E+00   6.8786031200E-04
C10        6.0           1.1535922000E+01   2.1047769700E-01  -1.0280110200E-03
N11        7.0           9.0844634300E+00  -1.0626308000E+00  -1.9086233900E-04
C12        6.0           8.6403494400E+00  -3.6615503600E+00  -3.6660687000E-04
N13        7.0           6.2409585000E+00  -4.2402846600E+00   6.9919866900E-05
C14        6.0           5.0006764400E+00  -1.9597990700E+00   6.8219113400E-04
C15        6.0           2.3319447200E+00  -1.3891131100E+00   7.1809593000E-04
O16        8.0           5.0787334700E-01  -2.7904678700E+00   7.4833154900E-04
N17        7.0           1.8951250800E+00   1.2904297300E+00  -1.7007535200E-05
C18        6.0           3.6069656200E+00   3.1375330900E+00   8.0880278500E-04
N19        7.0           2.8374162300E+00   5.5505565100E+00   3.4922138900E-03
N20        7.0           6.1066103100E+00   2.5404873400E+00   7.1809593000E-05
C21        6.0           6.7434877100E+00  -4.4654228500E-03   7.1998565700E-04
H22        1.0          -7.1978742400E+00   5.3721909300E+00  -5.1211578200E-04
H23        1.0          -1.1150858200E+01   2.8027076300E+00   1.7347685900E-03
H24        1.0           1.3010707700E+01  -1.2278911300E+00  -2.1410597100E-03
H25        1.0           1.0196531400E+01  -4.9865261700E+00  -6.8219113400E-04
H26        1.0           4.0508736300E+00   7.0202229800E+00  -7.0978113600E-03
H27        1.0           1.1759433100E+01   1.3691217000E+00   1.6964978600E+00
H28        1.0           1.1757592500E+01   1.3701157000E+00  -1.6980965600E+00
H29        1.0          -4.5725703200E-02   1.8565179800E+00  -1.5646932400E-03
H30        1.0           9.5432303500E-01   5.9182329600E+00   9.8076786300E-04
H31        1.0          -1.1713830300E+01  -3.3437192100E+00  -1.6739666500E+00
H32        1.0          -1.1710767000E+01  -3.3455484700E+00   1.6765990400E+00
H33        1.0          -1.3245668700E+01  -8.4559575300E-01   4.0761392700E-03
H34        1.0          -3.1955457900E+00  -1.5415459800E+00  -2.2412151900E-03
H35        1.0           7.4348837000E+00   3.9155522300E+00   8.8458080300E-03
 
Some Atomic Properties:
----------------------
  q(A) = Net Charge of Atom A
  L(A) = Lagrangian of Atom A = -(1/4) Times Atomic Integral of the Laplacian of the Electron Density
  K(A) = Electronic Kinetic Energy of Atom A (Hamiltonian Form)
  K_Scaled(A) = K(A) * E(Mol)/K(Mol) = Approximation to Virial-Based Total Energy of Atom A.
  |Mu_Intra(A)| = Magnitude of Intraatomic Dipole Moment of Atom A
--------------------------------------------------------------------------------------------------
Atom A          q(A)              L(A)              K(A)          K_Scaled(A)      |Mu_Intra(A)|
--------------------------------------------------------------------------------------------------
C1        6.3245530230E-01 -3.1736357275E-05  3.7386093207E+01 -3.7450155241E+01  5.2392577999E-01
N2       -1.5322235403E+00  1.4567256768E-04  5.5335177971E+01 -5.5429996225E+01  1.9720598898E-01
C3        2.2484850260E+00 -2.3422033612E-03  3.6334541338E+01 -3.6396801511E+01  2.2439759122E-01
O4       -1.3371562870E+00  7.8163905092E-05  7.5539888063E+01 -7.5669327608E+01  6.6369101185E-01
N5       -1.5352474760E+00  2.0668913324E-04  5.5309316861E+01 -5.5404090801E+01  1.2879414138E-01
C6        1.5879356198E+00 -4.4265892801E-03  3.6775835344E+01 -3.6838851686E+01  8.9247327179E-01
O7       -1.3844538429E+00  9.0215027290E-05  7.5499540924E+01 -7.5628911334E+01  4.5351879988E-01
C8        8.2871010600E-02  5.6753860220E-05  3.7767523617E+01 -3.7832239242E+01  1.7899456783E-01
C9        6.3552922210E-01  4.8934724595E-04  3.7429982677E+01 -3.7494119917E+01  8.0951176058E-01
C10       6.3353376670E-01 -2.0155488115E-04  3.7372454787E+01 -3.7436493452E+01  5.2470771686E-01
N11      -1.5407677347E+00 -1.1502778458E-04  5.5342595462E+01 -5.5437426426E+01  1.4265629294E-01
C12       1.3481299726E+00 -1.3748707200E-03  3.6944161462E+01 -3.7007466235E+01  7.9448331873E-01
N13      -1.3600290562E+00  3.4317035684E-04  5.5094569468E+01 -5.5188975433E+01  3.2539560833E-01
C14       6.1246485040E-01 -7.2964713005E-04  3.7532750494E+01 -3.7597063829E+01  5.1854378230E-01
C15       1.6608580495E+00  2.9628679699E-03  3.6714937426E+01 -3.6777849417E+01  8.4463639276E-01
O16      -1.3169615676E+00 -4.2148733891E-05  7.5516529957E+01 -7.5645929477E+01  6.5373069818E-01
N17      -1.5387250171E+00 -2.0082115335E-04  5.5322719444E+01 -5.5417516349E+01  6.1689435477E-02
C18       2.0448120217E+00 -2.9417502585E-03  3.6539292509E+01 -3.6601903529E+01  2.1594558580E-02
N19      -1.4439113349E+00 -4.5230712975E-05  5.5132142878E+01 -5.5226613225E+01  1.3316465316E-01
N20      -1.5338934712E+00 -2.9393757913E-04  5.5292517906E+01 -5.5387263061E+01  1.2790141521E-01
C21       1.0544904628E+00  7.9457350792E-04  3.7226309350E+01 -3.7290097590E+01  8.8869087139E-01
H22       3.2315297050E-02  2.7026319844E-05  5.9967816588E-01 -6.0070572987E-01  1.0363807687E-01
H23       6.2979107600E-02  3.6262738894E-05  5.9625253300E-01 -5.9727422708E-01  9.6904390444E-02
H24       2.1019967740E-02  4.2141941339E-05  6.1070538621E-01 -6.1175184563E-01  9.7101188756E-02
H25       8.2547125840E-02  3.0791133034E-05  5.8206921287E-01 -5.8306660346E-01  1.0131169987E-01
H26       5.2006534241E-01  1.7706273564E-05  3.8070256081E-01 -3.8135490446E-01  1.5712560580E-01
H27      -2.0334718000E-02  2.6779057306E-05  6.2827140046E-01 -6.2934795969E-01  9.7196184554E-02
H28      -2.0198186000E-02  2.6340652850E-05  6.2821320223E-01 -6.2928966175E-01  9.7196946545E-02
H29       6.5501673463E-01  1.2439736212E-04  3.0208833426E-01 -3.0260597040E-01  7.9940563790E-02
H30       5.6588865581E-01  1.9639327477E-05  3.5446578163E-01 -3.5507316788E-01  1.3771687242E-01
H31       8.3106599700E-03  4.3624869141E-05  6.1803271491E-01 -6.1909172990E-01  1.0058105216E-01
H32       8.4032752100E-03  4.3729562507E-05  6.1799828660E-01 -6.1905724259E-01  1.0058776862E-01
H33      -3.6097463400E-02  5.5261577860E-05  6.3818442378E-01 -6.3927796923E-01  9.2894457825E-02
H34       5.7462501558E-01  3.0752284418E-05  3.5165563460E-01 -3.5225820559E-01  1.2290361132E-01
H35       5.2295756346E-01  3.3558560434E-05  3.8057845508E-01 -3.8123058607E-01  1.5510727689E-01
--------------------------------------------------------------------------------------------------
Total     9.9569435450E-01 -7.0200527173E-03  1.0286977772E+03 -1.0304604774E+03
 
Note.  Potentially significant integration error for the following atom:  C3      
Note.  Potentially significant integration error for the following atom:  C6      
Note.  Potentially significant integration error for the following atom:  C15     
Note.  Potentially significant integration error for the following atom:  C18     
 
Molecular charge q(Mol) from the wfx file:   1.0000000000E+00
Molecular energy E(Mol) from the wfx file:  -1.0304618677E+03
Molecular virial ratio (-V(Mol)/T(Mol)) from the wfx file:   2.0017135258E+00
Note.  K_Scaled(A) = (1+V(Mol)/T(Mol))*K(A) = E(Mol)/T(Mol)*K(A)
       Use K_Scaled(A) with caution.
 
Note.  Potentially significant cumulative integration error.
 
Some Information About the Atomic Calculations:
----------------------------------------------
  Time(sec) = "Elapsed User Time", in Seconds, for Atom A by AIMInt
  NProc = Number of Processors Used for AIMInt Job
  BIM = Basin Integration Method
  OAQ = Angular Quadrature Outside of Beta Sphere
  ORQ = Multiple of Default for Radial Quadrature Outside of Beta Sphere
  IAQ = Multiple of Default for Angular Quadrature Inside of Beta Sphere
  IRQ = Multiple of Default for Radial Quadrature Inside of Beta Sphere
  MIR = Maximum Integration Radius
------------------------------------------------------------------------------------------------------
Atom A     Time(sec)   NProc      BIM              OAQ                 ORQ      IAQ      IRQ      MIR
------------------------------------------------------------------------------------------------------
C1            243        1     Proaim(5)    120*80    (High)           1.00     1.00     1.00    10.00
N2            252        1     Proaim(5)    120*80    (High)           1.00     1.00     1.00    10.00
C3            261        1     Proaim(5)    120*80    (High)           1.00     1.00     1.00    10.00
O4            175        1     Proaim(5)    96*64     (High)           1.00     1.00     1.00    10.00
N5            272        1     Proaim(5)    120*80    (High)           1.00     1.00     1.00    10.00
C6            334        1     Proaim(5)    120*80    (High)           1.00     1.00     1.00    10.00
O7            433        1     Proaim(5)    120*80    (High)           1.00     1.00     1.00    10.00
C8            343        1     Proaim(5)    120*80    (High)           1.00     1.00     1.00    10.00
C9            191        1     Proaim(5)    120*80    (High)           1.00     1.00     1.00    10.00
C10           143        1     Proaim(5)    120*80    (High)           1.00     1.00     1.00    10.00
N11           238        1     Proaim(5)    120*80    (High)           1.00     1.00     1.00    10.00
C12           181        1     Proaim(5)    120*80    (High)           1.00     1.00     1.00    10.00
N13           275        1     Proaim(5)    120*80    (High)           1.00     1.00     1.00    10.00
C14           292        1     Proaim(5)    120*80    (High)           1.00     1.00     1.00    10.00
C15           255        1     Proaim(5)    120*80    (High)           1.00     1.00     1.00    10.00
O16           314        1     Proaim(5)    120*80    (High)           1.00     1.00     1.00    10.00
N17           329        1     Proaim(5)    120*80    (High)           1.00     1.00     1.00    10.00
C18           176        1     Proaim(5)    120*80    (High)           1.00     1.00     1.00    10.00
N19           334        1     Proaim(5)    120*80    (High)           1.00     1.00     1.00    10.00
N20           251        1     Proaim(5)    120*80    (High)           1.00     1.00     1.00    10.00
C21           226        1     Proaim(5)    120*80    (High)           1.00     1.00     1.00    10.00
H22           103        1     Proaim(5)    72*48     (High)           1.00     1.00     1.00    10.00
H23            63        1     Proaim(5)    72*48     (High)           1.00     1.00     1.00    10.00
H24            57        1     Proaim(5)    72*48     (High)           1.00     1.00     1.00    10.00
H25            51        1     Proaim(5)    72*48     (High)           1.00     1.00     1.00    10.00
H26            63        1     Proaim(5)    72*48     (High)           1.00     1.00     1.00    10.00
H27            82        1     Proaim(5)    72*48     (High)           1.00     1.00     1.00    10.00
H28            55        1     Proaim(5)    72*48     (High)           1.00     1.00     1.00    10.00
H29           105        1     Proaim(5)    120*80    (High)           1.00     1.00     1.00    10.00
H30           225        1     Proaim(5)    120*80    (High)           1.00     1.00     1.00    10.00
H31            76        1     Proaim(5)    72*48     (High)           1.00     1.00     1.00    10.00
H32            79        1     Proaim(5)    72*48     (High)           1.00     1.00     1.00    10.00
H33            53        1     Proaim(5)    72*48     (High)           1.00     1.00     1.00    10.00
H34            93        1     Proaim(5)    120*80    (High)           1.00     1.00     1.00    10.00
H35            33        1     Proaim(5)    72*48     (High)           1.00     1.00     1.00    10.00
------------------------------------------------------------------------------------------------------
Total        6656
Note:  Total wall clock time is less than Total of atomic times if more than one atom
       was calculated at a time
 
Electron Density Critical Point Analysis of Molecular Structure:               
---------------------------------------------------------------                
  NACP = Nuclear Attractor Critical Point                                      
  NNACP = Non-Nuclear Attractor Critical Point                                 
  BCP = Bond Critical Point                                                    
  RCP = Ring Critical Point                                                    
  CCP = Cage Critical Point                                                    
  Rho = Electron Density                                                       
  GradRho = Gradient of Electron Density                                       
  HessRho_EigVals = Eigenvalues of the Hessian of Rho, Ascending Order         
  HessRho_EigVecs = Eigenvectors of the Hessian of Rho                         
  DelSqRho = Laplacian of Rho = Trace of Hessian of Rho                        
  Bond Ellipticity = (HessRho_EigVal(1) / HessRho_EigVal(2)) - 1               
  V = Virial Field = Potential Energy Density = Trace of Stress Tensor         
  G = Lagrangian Form of Kinetic Energy Density                                
  K = Hamiltonian Form of Kinetic Energy Density                               
  L = K - G = Lagrangian Density = (-1/4)DelSqRho                              
  Vnuc = Electrostatic Potential from Nuclei                                   
  Ven = Electron-nuclear attractive contribution to Virial Field V             
  Vrep = V - Ven = Repulsive contribution to Virial Field V                    
  DelSqV = Laplacian of V                                                      
  DelSqVen = Laplacian of Ven                                                  
  DelSqVrep = Laplacian of Vrep                                                
  DelSqG = Laplacian of G                                                      
  DelSqK = Laplacian of K                                                      
  Stress_EigVals = Eigenvalues of Stress Tensor, Ascending Order               
  Stress_EigVecs = Eigenvectors of Stress Tensor                               
  -DivStress = Ehrenfest Force Density = Minus Divergence of Stress Tensor     
  BP = Bond Path                                                               
  BPL = Bond Path Length                                                       
  GBL = Geometric Bond Length                                                  
  GBL_I = Distance Between Nuclear Attractors                                  
  GBL_II = Distance Between Nuclei                                             
  GBL_III = Sum of Distances Between BCP and Nuclear Attractors                
  GBL_IV = Sum of Distances Between BCP and Nuclei                             

CP# 1      Coords = -1.16468326120356E+01 -2.14328710777283E+00  1.92184962585319E-03
           Type = (3,-3) NACP C1
           Rho =  1.2063214254E+02     Rho at Nucleus =  1.2063214080E+02
           GradRho =  1.9082701146E-10  3.2687298378E-11 -9.9334123411E-15
           HessRho_EigVals = -2.2221409695E+05 -2.2221184469E+05 -2.2221178804E+05
           HessRho_EigVec1 =  8.7669654361E-01  4.8104358476E-01 -4.8988881626E-04
           HessRho_EigVec2 = -4.8103726965E-01  8.7668944547E-01  4.3314448951E-03
           HessRho_EigVec3 =  2.5130941342E-03 -3.5617079897E-03  9.9999049925E-01
           DelSqRho = -6.6663772968E+05
           Bond Ellipticity = NA
           V = -1.6666997009E+05
           G =  5.2688359208E+00
           K =  1.6666470126E+05
           L =  1.6665943242E+05
           Vnuc =  1.5144261484E+06
           Ven = -1.8268847101E+08
           Vrep =  1.8252180104E+08
           DelSqV =  8.1593516163E+09
           DelSqVen =  1.0095736013E+12
           DelSqVrep = -1.0014142497E+12
           DelSqG =  3.0701772955E+08
           DelSqK = -8.4663693459E+09
           Stress_EigVals = -5.5556874493E+04 -5.5556861853E+04 -5.5556233744E+04
           Stress_EigVec1 =  2.9220236058E-03 -4.2625619863E-03  9.9998664608E-01
           Stress_EigVec2 = -4.8419701305E-01  8.7494387685E-01  5.1444063096E-03
           Stress_EigVec3 =  8.7495412127E-01  4.8420557920E-01 -4.9268688016E-04
           -DivStress = -8.2372280078E+03 -6.6172511726E+03  4.9385195675E+00

CP# 2      Coords = -9.29839105455644E+00 -6.53202137370993E-01  6.76521470547616E-04
           Type = (3,-3) NACP N2
           Rho =  1.9564206613E+02     Rho at Nucleus =  1.9564206591E+02
           GradRho =  2.0283611192E-09  1.3530082833E-09 -1.0716127523E-12
           HessRho_EigVals = -4.9018795530E+05 -4.9018719743E+05 -4.9017904484E+05
           HessRho_EigVec1 = -5.2877592865E-01  8.4876141244E-01  2.8643072401E-04
           HessRho_EigVec2 =  8.4876129914E-01  5.2877600611E-01 -4.3868593174E-04
           HessRho_EigVec3 =  5.2379738531E-04 -1.1144752481E-05  9.9999986276E-01
           DelSqRho = -1.4705541976E+06
           Bond Ellipticity = NA
           V = -3.6767543247E+05
           G =  1.8441537371E+01
           K =  3.6765699093E+05
           L =  3.6763854939E+05
           Vnuc =  7.5090385306E+06
           Ven = -1.4690838128E+09
           Vrep =  1.4687161373E+09
           DelSqV =  2.4430703642E+10
           DelSqVen =  1.1042447688E+13
           DelSqVrep = -1.1018016984E+13
           DelSqG =  9.2122136784E+08
           DelSqK = -2.5351925009E+10
           Stress_EigVals = -1.2255963435E+05 -1.2255797484E+05 -1.2255782327E+05
           Stress_EigVec1 =  5.2192649955E-04 -1.1252158477E-05  9.9999986373E-01
           Stress_EigVec2 =  7.3444601526E-01  6.7866700931E-01 -3.7569042031E-04
           Stress_EigVec3 = -6.7866691260E-01  7.3444611126E-01  3.6247839949E-04
           -DivStress = -5.7086999624E+03 -4.7708636983E+03  3.8638124519E+00

CP# 3      Coords = -7.03263652010494E+00 -2.02894844940345E+00 -5.53690132029418E-04
           Type = (3,-3) NACP C3
           Rho =  1.2068397266E+02     Rho at Nucleus =  1.2068397148E+02
           GradRho = -3.4293134730E-11 -1.1466328242E-11 -6.4669970259E-15
           HessRho_EigVals = -2.2224603738E+05 -2.2224438200E+05 -2.2224309622E+05
           HessRho_EigVec1 =  5.5351349458E-04  2.7198847068E-05  9.9999984644E-01
           HessRho_EigVec2 =  9.9854504900E-01  5.3921034855E-02 -5.5417483465E-04
           HessRho_EigVec3 = -5.3921041648E-02  9.9854520241E-01  2.6867463560E-06
           DelSqRho = -6.6673351560E+05
           Bond Ellipticity = NA
           V = -1.6669339866E+05
           G =  5.0098791281E+00
           K =  1.6668838878E+05
           L =  1.6668337890E+05
           Vnuc =  1.8397546249E+06
           Ven = -2.2202889686E+08
           Vrep =  2.2186220346E+08
           DelSqV =  8.1602848786E+09
           DelSqVen =  1.2266260890E+12
           DelSqVrep = -1.2184658041E+12
           DelSqG =  3.0697289317E+08
           DelSqK = -8.4672577718E+09
           Stress_EigVals = -5.5565014662E+04 -5.5564508877E+04 -5.5563875120E+04
           Stress_EigVec1 = -4.0220198811E-02  9.9919084040E-01 -8.5021198264E-06
           Stress_EigVec2 =  9.9919068687E-01  4.0220187911E-02 -5.5476102585E-04
           Stress_EigVec3 =  5.5397017878E-04  3.0807837702E-05  9.9999984608E-01
           -DivStress = -1.8701860703E+02 -8.6687259170E+03  9.9736472722E-01

CP# 4      Coords = -6.97366981213959E+00 -4.32231193361816E+00 -5.06446636585940E-04
           Type = (3,-3) NACP O4
           Rho =  2.9766735512E+02     Rho at Nucleus =  2.9766732691E+02
           GradRho =  3.2879333351E-10  1.7651447357E-10 -1.0397742780E-14
           HessRho_EigVals = -9.6937341062E+05 -9.6937114917E+05 -9.6935239501E+05
           HessRho_EigVec1 = -2.1606320619E-02  9.9976655536E-01  4.1252633430E-05
           HessRho_EigVec2 =  5.7324687519E-04 -2.8873611245E-05  9.9999983528E-01
           HessRho_EigVec3 =  9.9976639186E-01  2.1606340708E-02 -5.7248920127E-04
           DelSqRho = -2.9080969548E+06
           Bond Ellipticity = NA
           V = -7.2712122699E+05
           G =  4.8494142131E+01
           K =  7.2707273284E+05
           L =  7.2702423870E+05
           Vnuc =  1.0485229175E+06
           Ven = -3.1211104364E+08
           Vrep =  3.1138392241E+08
           DelSqV =  6.2569458073E+10
           DelSqVen =  3.0492063007E+12
           DelSqVrep = -2.9866368426E+12
           DelSqG =  2.3679041336E+09
           DelSqK = -6.4937362206E+10
           Stress_EigVals = -2.4237709741E+05 -2.4237240323E+05 -2.4237172634E+05
           Stress_EigVec1 =  9.9974820296E-01  2.2432171503E-02 -5.7302707376E-04
           Stress_EigVec2 =  5.7387120458E-04 -3.1192985183E-05  9.9999983485E-01
           Stress_EigVec3 = -2.2432149924E-02  9.9974836669E-01  4.4058308164E-05
           -DivStress =  4.7414065821E+03 -1.5586079369E+05  6.5458782787E-01

CP# 5      Coords = -4.85376639971273E+00 -5.38573379531740E-01 -1.89161357859998E-03
           Type = (3,-3) NACP N5
           Rho =  1.9569081442E+02     Rho at Nucleus =  1.9569081410E+02
           GradRho = -3.3434591896E-09  1.5264256402E-09  7.6176037490E-12
           HessRho_EigVals = -4.9031210566E+05 -4.9031048941E+05 -4.9030358423E+05
           HessRho_EigVec1 =  5.5086702958E-01  8.3459296342E-01 -3.1801810373E-04
           HessRho_EigVec2 =  8.3459291808E-01 -5.5086711165E-01 -2.9393023794E-04
           HessRho_EigVec3 =  4.2049782257E-04  1.0349918011E-04  9.9999990623E-01
           DelSqRho = -1.4709261793E+06
           Bond Ellipticity = NA
           V = -3.6776854735E+05
           G =  1.8501262293E+01
           K =  3.6775004609E+05
           L =  3.6773154483E+05
           Vnuc =  6.1110667870E+06
           Ven = -1.1958796365E+09
           Vrep =  1.1955118680E+09
           DelSqV =  2.4436841713E+10
           DelSqVen =  8.9889281147E+12
           DelSqVrep = -8.9644912730E+12
           DelSqG =  9.2145778948E+08
           DelSqK = -2.5358299502E+10
           Stress_EigVals = -1.2259053079E+05 -1.2258917711E+05 -1.2258883945E+05
           Stress_EigVec1 =  4.3380965982E-04  9.3484580463E-05  9.9999990153E-01
           Stress_EigVec2 =  8.0594875040E-01 -5.9198524063E-01 -2.9428689036E-04
           Stress_EigVec3 =  5.9198515482E-01  8.0594879871E-01 -3.3215269666E-04
           -DivStress =  8.3907564778E+03 -3.6712039973E+03 -1.8242125075E+01

CP# 6      Coords = -4.74949239108448E+00  2.06679849461242E+00 -1.96531645106298E-03
           Type = (3,-3) NACP C6
           Rho =  1.2081087502E+02     Rho at Nucleus =  1.2081087400E+02
           GradRho = -5.7631215053E-11 -2.8877567687E-11 -7.7236529889E-15
           HessRho_EigVals = -2.2252170935E+05 -2.2251892486E+05 -2.2251770514E+05
           HessRho_EigVec1 =  5.8983983424E-04  3.3853441764E-05  9.9999982547E-01
           HessRho_EigVec2 =  2.2823898359E-01  9.7360512441E-01 -1.6758435788E-04
           HessRho_EigVec3 =  9.7360496016E-01 -2.2823904261E-01 -5.6654441006E-04
           DelSqRho = -6.6755833935E+05
           Bond Ellipticity = NA
           V = -1.6689955494E+05
           G =  4.9850538983E+00
           K =  1.6689456989E+05
           L =  1.6688958484E+05
           Vnuc =  1.9838755773E+06
           Ven = -2.3967374443E+08
           Vrep =  2.3950684488E+08
           DelSqV =  8.1704267939E+09
           DelSqVen =  1.3243526881E+12
           DelSqVrep = -1.3161822613E+12
           DelSqG =  3.0740958850E+08
           DelSqK = -8.4778363824E+09
           Stress_EigVals = -5.5633760052E+04 -5.5633372006E+04 -5.5632422886E+04
           Stress_EigVec1 =  9.9459446379E-01 -1.0383402931E-01 -5.8902348473E-04
           Stress_EigVec2 =  1.0383399155E-01  9.9459463767E-01 -9.4404891560E-05
           Stress_EigVec3 =  5.9564203965E-04  3.2733922964E-05  9.9999982207E-01
           -DivStress = -4.4175918912E+03  6.7677849697E+03  3.4035574468E+00

CP# 7      Coords = -2.64840342406218E+00  3.18386730277263E+00 -3.31268526820436E-03
           Type = (3,-3) NACP O7
           Rho =  2.9746810096E+02     Rho at Nucleus =  2.9746808120E+02
           GradRho =  7.0477896761E-11  1.5177889754E-10 -1.4077682162E-13
           HessRho_EigVals = -9.6878656893E+05 -9.6877674136E+05 -9.6876453798E+05
           HessRho_EigVec1 =  8.9639921331E-01  4.4324732025E-01 -5.1328475594E-04
           HessRho_EigVec2 =  6.1771076138E-04 -9.1214955703E-05  9.9999980506E-01
           HessRho_EigVec3 = -4.4324718702E-01  8.9639935563E-01  3.5556365421E-04
           DelSqRho = -2.9063278483E+06
           Bond Ellipticity = NA
           V = -7.2667995140E+05
           G =  4.8994667593E+01
           K =  7.2663095673E+05
           L =  7.2658196207E+05
           Vnuc =  1.2527105672E+06
           Ven = -3.7264143348E+08
           Vrep =  3.7191475353E+08
           DelSqV =  6.2532186334E+10
           DelSqVen =  3.6407876065E+12
           DelSqVrep = -3.5782554202E+12
           DelSqG =  2.3666148630E+09
           DelSqK = -6.4898801197E+10
           Stress_EigVals = -2.4222949666E+05 -2.4222641124E+05 -2.4222404350E+05
           Stress_EigVec1 = -4.5703341880E-01  8.8944945421E-01  3.5000145394E-04
           Stress_EigVec2 =  6.7245008694E-04 -4.7972610465E-05  9.9999977275E-01
           Stress_EigVec3 =  8.8944926888E-01  4.5703355030E-01 -5.7618527665E-04
           -DivStress =  1.0553029809E+05  7.6712474328E+04 -9.4798105323E+01

CP# 8      Coords = -7.14354607971884E+00  3.33085512046140E+00 -5.17785338823162E-04
           Type = (3,-3) NACP C8
           Rho =  1.2080343439E+02     Rho at Nucleus =  1.2080343431E+02
           GradRho =  3.4961784610E-10 -4.6299515384E-10 -2.2377135952E-13
           HessRho_EigVals = -2.2259077060E+05 -2.2259039915E+05 -2.2259022103E+05
           HessRho_EigVec1 =  9.1667495454E-01 -3.9963313433E-01 -6.2102702551E-04
           HessRho_EigVec2 =  3.9963309229E-01  9.1667516233E-01 -1.9575357955E-04
           HessRho_EigVec3 =  6.4750966597E-04 -6.8740546974E-05  9.9999978800E-01
           DelSqRho = -6.6777139079E+05
           Bond Ellipticity = NA
           V = -1.6695392015E+05
           G =  5.5362256629E+00
           K =  1.6694838392E+05
           L =  1.6694284770E+05
           Vnuc =  7.0840454356E+06
           Ven = -8.5577701800E+08
           Vrep =  8.5561006408E+08
           DelSqV =  8.1733319835E+09
           DelSqVen =  4.7305234842E+12
           DelSqVrep = -4.7223501522E+12
           DelSqG =  3.0762837658E+08
           DelSqK = -8.4809603601E+09
           Stress_EigVals = -5.5651427313E+04 -5.5651305228E+04 -5.5651187607E+04
           Stress_EigVec1 =  5.6350959274E-01  8.2610945822E-01 -3.1925268804E-04
           Stress_EigVec2 =  8.2610936810E-01 -5.6350968140E-01 -3.8847446603E-04
           Stress_EigVec3 =  5.0082441118E-04  4.4828548242E-05  9.9999987358E-01
           -DivStress = -1.1517524709E+03  1.9417405839E+03  1.0143095341E+00

CP# 9      Coords = -9.29973608901360E+00  1.92316727393393E+00  6.87860754763595E-04
           Type = (3,-3) NACP C9
           Rho =  1.2090536873E+02     Rho at Nucleus =  1.2090536750E+02
           GradRho =  1.0962732860E-10 -1.1195132579E-11 -1.0724844881E-14
           HessRho_EigVals = -2.2274084043E+05 -2.2273879798E+05 -2.2273741677E+05
           HessRho_EigVec1 =  5.7168408895E-04 -7.0884375212E-06  9.9999983656E-01
           HessRho_EigVec2 = -1.7115834698E-01  9.8524352790E-01  1.0483235799E-04
           HessRho_EigVec3 =  9.8524336762E-01  1.7115837894E-01 -5.6203480339E-04
           DelSqRho = -6.6821705518E+05
           Bond Ellipticity = NA
           V = -1.6706461827E+05
           G =  5.1772397721E+00
           K =  1.6705944103E+05
           L =  1.6705426380E+05
           Vnuc =  1.8087935258E+06
           Ven = -2.1869284818E+08
           Vrep =  2.1852578356E+08
           DelSqV =  8.1785772487E+09
           DelSqVen =  1.2086666895E+12
           DelSqVrep = -1.2004881123E+12
           DelSqG =  3.0777696657E+08
           DelSqK = -8.4863542153E+09
           Stress_EigVals = -5.5688733333E+04 -5.5688316942E+04 -5.5687567999E+04
           Stress_EigVec1 =  9.7208115863E-01  2.3464423455E-01 -5.5157258363E-04
           Stress_EigVec2 = -2.3464419241E-01  9.7208131508E-01  1.4082147581E-04
           Stress_EigVec3 =  5.6921634986E-04 -7.4665999187E-06  9.9999983797E-01
           -DivStress =  1.9445183228E+03  8.6612112262E+03 -1.1854400357E+00

CP# 10     Coords =  1.15359184017854E+01  2.10476146582708E-01 -1.02800864032408E-03
           Type = (3,-3) NACP C10
           Rho =  1.2062215915E+02     Rho at Nucleus =  1.2062215744E+02
           GradRho =  1.2493785247E-11  1.5905703259E-12 -1.8212694763E-14
           HessRho_EigVals = -2.2220381475E+05 -2.2220177481E+05 -2.2220161685E+05
           HessRho_EigVec1 =  8.9136264000E-01  4.5329081811E-01 -2.7968851018E-04
           HessRho_EigVec2 = -1.9863871786E-04  1.0076257369E-03  9.9999947262E-01
           HessRho_EigVec3 = -4.5329086087E-01  8.9136211436E-01 -9.8820104392E-04
           DelSqRho = -6.6660720642E+05
           Bond Ellipticity = NA
           V = -1.6666234909E+05
           G =  5.2737402433E+00
           K =  1.6665707535E+05
           L =  1.6665180161E+05
           Vnuc =  1.5313996362E+06
           Ven = -1.8472073064E+08
           Vrep =  1.8455406829E+08
           DelSqV =  8.1590118093E+09
           DelSqVen =  1.0208420332E+12
           DelSqVrep = -1.0126830213E+12
           DelSqG =  3.0701506417E+08
           DelSqK = -8.4660268735E+09
           Stress_EigVals = -5.5554334472E+04 -5.5554289304E+04 -5.5553725309E+04
           Stress_EigVec1 = -4.5296288091E-01  8.9152875339E-01 -1.0537566505E-03
           Stress_EigVec2 = -2.1117575361E-04  1.0746722830E-03  9.9999940024E-01
           Stress_EigVec3 =  8.9152935113E-01  4.5296283177E-01 -2.9851739700E-04
           -DivStress =  9.5961488399E+03  4.1362753680E+03 -6.3379207193E+00

CP# 11     Coords =  9.08446261962166E+00 -1.06262989986249E+00 -1.90860141475900E-04
           Type = (3,-3) NACP N11
           Rho =  1.9567442600E+02     Rho at Nucleus =  1.9567442564E+02
           GradRho = -3.4822256650E-09  3.3736790282E-09  8.3441222512E-12
           HessRho_EigVals = -4.9026705079E+05 -4.9026593677E+05 -4.9025912833E+05
           HessRho_EigVec1 =  8.7258862400E-01 -4.8845527695E-01 -7.3190896696E-04
           HessRho_EigVec2 =  4.8845541966E-01  8.7258885086E-01  1.8732995994E-05
           HessRho_EigVec3 =  6.2950537367E-04 -3.7385110081E-04  9.9999973198E-01
           DelSqRho = -1.4707921159E+06
           Bond Ellipticity = NA
           V = -3.6773464324E+05
           G =  1.8307134243E+01
           K =  3.6771633611E+05
           L =  3.6769802897E+05
           Vnuc =  5.7794924943E+06
           Ven = -1.1308988764E+09
           Vrep =  1.1305311418E+09
           DelSqV =  2.4434602982E+10
           DelSqVen =  8.5004318147E+12
           DelSqVrep = -8.4759972117E+12
           DelSqG =  9.2136623848E+08
           DelSqK = -2.5355969220E+10
           Stress_EigVals = -1.2257917107E+05 -1.2257789317E+05 -1.2257757900E+05
           Stress_EigVec1 =  7.0633122148E-04 -4.4632958395E-04  9.9999965094E-01
           Stress_EigVec2 =  5.7707134195E-01  8.1669373969E-01 -4.3088943839E-05
           Stress_EigVec3 =  8.1669343538E-01 -5.7707117096E-01 -8.3442029869E-04
           -DivStress =  6.4643378457E+03 -7.1748857693E+03 -1.7516466473E+01

CP# 12     Coords =  8.64034995174653E+00 -3.66154734215012E+00 -3.66606176158547E-04
           Type = (3,-3) NACP C12
           Rho =  1.2079279766E+02     Rho at Nucleus =  1.2079279661E+02
           GradRho = -1.2319533898E-10  3.6513253088E-11 -3.8811189404E-15
           HessRho_EigVals = -2.2249856232E+05 -2.2249852642E+05 -2.2249685183E+05
           HessRho_EigVec1 =  3.0073207136E-01  9.5364672760E-01  1.0869231275E-02
           HessRho_EigVec2 = -3.0396321730E-03 -1.0438324515E-02  9.9994089926E-01
           HessRho_EigVec3 =  9.5370382294E-01 -3.0074733634E-01 -2.4040367805E-04
           DelSqRho = -6.6749394057E+05
           Bond Ellipticity = NA
           V = -1.6688394610E+05
           G =  5.2304784309E+00
           K =  1.6687871562E+05
           L =  1.6687348514E+05
           Vnuc =  1.9602077694E+06
           Ven = -2.3677898045E+08
           Vrep =  2.3661209651E+08
           DelSqV =  8.1696933541E+09
           DelSqVen =  1.3084268134E+12
           DelSqVrep = -1.3002571201E+12
           DelSqG =  3.0739723458E+08
           DelSqK = -8.4770905886E+09
           Stress_EigVals = -5.5628425479E+04 -5.5627857404E+04 -5.5627663217E+04
           Stress_EigVec1 =  9.6682158825E-01 -2.5545247224E-01 -2.2563713197E-04
           Stress_EigVec2 =  2.5545234350E-01  9.6682152784E-01 -4.8321669416E-04
           Stress_EigVec3 =  3.4158973582E-04  4.0954479757E-04  9.9999985779E-01
           -DivStress = -1.3589966123E+03 -8.0579220183E+03 -1.8454971392E+00

CP# 13     Coords =  6.24096194638945E+00 -4.24027624441250E+00  6.99203924735930E-05
           Type = (3,-3) NACP N13
           Rho =  1.9624126096E+02     Rho at Nucleus =  1.9624124063E+02
           GradRho = -1.6563922027E-10 -2.1445780163E-10 -1.4555621689E-15
           HessRho_EigVals = -4.9166326295E+05 -4.9166285191E+05 -4.9165307332E+05
           HessRho_EigVec1 =  6.0386269341E-04 -3.2681582671E-04  9.9999976427E-01
           HessRho_EigVec2 =  8.9792432825E-01 -4.4014932699E-01 -6.8607093124E-04
           HessRho_EigVec3 =  4.4014944745E-01  8.9792453087E-01  2.7666123553E-05
           DelSqRho = -1.4749791882E+06
           Bond Ellipticity = NA
           V = -3.6877910075E+05
           G =  1.7151850566E+01
           K =  3.6876194890E+05
           L =  3.6874479705E+05
           Vnuc =  7.6976398606E+05
           Ven = -1.5105945527E+08
           Vrep =  1.5069067617E+08
           DelSqV =  2.4503249101E+10
           DelSqVen =  1.1353858598E+12
           DelSqVrep = -1.1108826107E+12
           DelSqG =  9.2393617352E+08
           DelSqK = -2.5427185275E+10
           Stress_EigVals = -1.2292780752E+05 -1.2292587350E+05 -1.2292541974E+05
           Stress_EigVec1 =  4.6651084709E-01  8.8451547708E-01  1.8815456925E-05
           Stress_EigVec2 =  8.8451542474E-01 -4.6651081194E-01 -3.5458810217E-04
           Stress_EigVec3 =  3.0486105027E-04 -1.8206175778E-04  9.9999993696E-01
           -DivStress = -2.7596796341E+04 -6.7362344724E+04 -4.2032456638E+00

CP# 14     Coords =  5.00067621421779E+00 -1.95979913182608E+00  6.82190861184806E-04
           Type = (3,-3) NACP C14
           Rho =  1.2079053168E+02     Rho at Nucleus =  1.2079053168E+02
           GradRho =  2.3054584542E-11  1.3588054197E-11 -1.4478670439E-14
           HessRho_EigVals = -2.2256374627E+05 -2.2256345811E+05 -2.2256295006E+05
           HessRho_EigVec1 =  2.8528492023E-02  9.9959293160E-01 -3.1023216856E-04
           HessRho_EigVec2 =  9.9959268190E-01 -2.8528721734E-02 -7.6310910370E-04
           HessRho_EigVec3 =  7.7164899330E-04  2.8833545340E-04  9.9999966071E-01
           DelSqRho = -6.6769015444E+05
           Bond Ellipticity = NA
           V = -1.6693360345E+05
           G =  5.5324189995E+00
           K =  1.6692807103E+05
           L =  1.6692253861E+05
           Vnuc =  2.5630720643E+07
           Ven = -3.0959483738E+09
           Vrep =  3.0957814402E+09
           DelSqV =  8.1723362545E+09
           DelSqVen =  1.7113397854E+13
           DelSqVrep = -1.7105225518E+13
           DelSqG =  3.0758614851E+08
           DelSqK = -8.4799224030E+09
           Stress_EigVals = -5.5644641836E+04 -5.5644507452E+04 -5.5644454159E+04
           Stress_EigVec1 =  9.7735552327E-01 -2.1160368220E-01  2.5063470289E-04
           Stress_EigVec2 =  2.1160262774E-01  9.7735327555E-01  2.2142035456E-03
           Stress_EigVec3 = -7.1349227123E-04 -2.1110291032E-03  9.9999751724E-01
           -DivStress =  6.0422197993E+02  1.7218439499E+02  7.4490373955E-01

CP# 15     Coords =  2.33194403584031E+00 -1.38910933502964E+00  7.18095325832092E-04
           Type = (3,-3) NACP C15
           Rho =  1.2080439835E+02     Rho at Nucleus =  1.2080439671E+02
           GradRho = -4.8498484228E-11 -2.3293190054E-11 -3.3857266919E-15
           HessRho_EigVals = -2.2250944865E+05 -2.2250775981E+05 -2.2250593832E+05
           HessRho_EigVec1 = -5.1240212818E-05  1.2279776076E-05  9.9999999861E-01
           HessRho_EigVec2 = -2.1094947109E-01  9.7749696681E-01 -2.2812539692E-05
           HessRho_EigVec3 =  9.7749696574E-01  2.1094947197E-01  4.7496740340E-05
           DelSqRho = -6.6752314678E+05
           Bond Ellipticity = NA
           V = -1.6689078118E+05
           G =  4.9972395520E+00
           K =  1.6688578394E+05
           L =  1.6688078670E+05
           Vnuc =  1.5639642531E+06
           Ven = -1.8893376063E+08
           Vrep =  1.8876686985E+08
           DelSqV =  8.1700015374E+09
           DelSqVen =  1.0439823319E+12
           DelSqVrep = -1.0358123304E+12
           DelSqG =  3.0739362746E+08
           DelSqK = -8.4773951648E+09
           Stress_EigVals = -5.5630927093E+04 -5.5630227110E+04 -5.5629626972E+04
           Stress_EigVec1 =  9.6229098510E-01  2.7202216664E-01  2.9143742215E-05
           Stress_EigVec2 = -2.7202216490E-01  9.6229098459E-01 -5.2713024555E-05
           Stress_EigVec3 = -4.2383871540E-05  4.2797524476E-05  9.9999999819E-01
           -DivStress =  1.8465193521E+03 -1.0068343841E+04  1.6207287761E+00

CP# 16     Coords =  5.07878745736925E-01 -2.79046289278312E+00  7.48331077263098E-04
           Type = (3,-3) NACP O16
           Rho =  2.9765863984E+02     Rho at Nucleus =  2.9765861370E+02
           GradRho = -4.8759391194E-11 -1.7222462636E-10  3.3126918584E-14
