AIMSum (Version 11.12.19, Professional)
Copyright (c) 1997-2011 by Todd A. Keith
AIMSum is a component of the AIMAll package ( http://aim.tkgristmill.com )

Much of the Quantum Theory of Atoms in Molecules (QTAIM) is described in the book:
  "Atoms in Molecules - A Quantum Theory"
  R.F.W. Bader, Oxford University Press, Oxford, 1990

For additional references see:  http://aim.tkgristmill.com/references.html

Wfx File:  /home4/vemuri/FCHK/CHK-Neutral/AGWWC/Mp2-Spe-FOPT_AGWWC-Neu-62.wfx
Sum File:  /home4/vemuri/FCHK/CHK-Neutral/AGWWC/Mp2-Spe-FOPT_AGWWC-Neu-62.sum

SumViz File:  /home4/vemuri/FCHK/CHK-Neutral/AGWWC/Mp2-Spe-FOPT_AGWWC-Neu-62.sumviz

Wfx Title:  Mp2-spe-FOPT_AGWWC-Neut-from-step32                                            
 
Total memory allocated for AIMSum =       25.324 Megabytes

Atomic units (a.u.) used throughout, except where stated otherwise

Restricted, closed-shell, single-determinant wavefunction.
  Number of electrons (from MO Occs)                   =         164.0000000000
  Number of Alpha electrons (from MO Occs)             =          82.0000000000
  Number of Beta electrons (from MO Occs)              =          82.0000000000
  Number of electron pairs (N*(N-1)/2)                 =       13366.0000000000
  Number of electron pairs (from Muller 2EDM)          =       13366.0000000000
 
Nuclear Charges and Cartesian Coordinates:
-------------------------------------------------------------------------------
Atom      Charge                X                  Y                  Z
-------------------------------------------------------------------------------
C1         6.0           1.2171911200E+01   2.1362730300E+00  -2.3333771400E-01
N2         7.0           1.0218093100E+01   2.1785896700E-01  -3.9136228200E-03
C3         6.0           1.0530542300E+01  -2.3647938300E+00   3.2038038900E-01
N4         7.0           8.3960362000E+00  -3.6084981900E+00   4.6361029200E-01
C5         6.0           6.5596910500E+00  -1.7689310600E+00   2.2908016100E-01
C6         6.0           3.8558482200E+00  -1.9422397300E+00   2.3402746400E-01
O7         8.0           2.4948863600E+00  -3.8304351900E+00   4.3113912700E-01
N8         7.0           2.7333679100E+00   4.7500156100E-01  -3.0184595500E-02
C9         6.0           4.0213750100E+00   2.6952993800E+00  -3.5039679900E-01
N10        7.0           2.5799183700E+00   4.8487519100E+00  -5.6196297800E-01
N11        7.0           6.5023624300E+00   2.8802185300E+00  -3.9051757500E-01
C12        6.0           7.6584458600E+00   6.1642299500E-01  -6.3982347400E-02
C13        6.0          -1.2448933700E+01   2.3514882700E+00   3.2022354200E-01
N14        7.0          -1.0476830700E+01   4.5994800200E-01   1.4985528200E-02
C15        6.0          -1.0759133100E+01  -2.0826822900E+00  -5.0772405800E-01
N16        7.0          -8.6124533100E+00  -3.3197858300E+00  -6.7131198100E-01
C17        6.0          -6.8007123900E+00  -1.4908181700E+00  -2.3687339100E-01
C18        6.0          -4.1284979100E+00  -1.6031227100E+00  -1.3532139900E-01
N19        7.0          -2.8302050300E+00  -3.7496739600E+00  -4.9285569300E-01
N20        7.0          -2.8721210500E+00   5.8874795600E-01   3.3579488500E-01
C21        6.0          -4.2112017700E+00   2.7188567000E+00   7.3883567500E-01
N22        7.0          -6.7063772600E+00   3.0435607800E+00   7.0373968100E-01
C23        6.0          -7.9124533900E+00   8.6478403200E-01   1.9499895000E-01
H24        1.0           1.1986173800E+01   3.1409440400E+00  -2.0288836800E+00
H25        1.0           1.2030399100E+01   3.5018439400E+00   1.3108293200E+00
H26        1.0           1.4014624700E+01   1.2128829200E+00  -1.5781480900E-01
H27        1.0           7.7854638000E-01   5.2138299900E-01   1.1608209700E-01
H28        1.0           8.3166847100E-01   4.6721570000E+00  -1.3090359700E+00
H29        1.0           3.5591876800E+00   6.3842545500E+00  -1.1355383200E+00
H30        1.0          -1.4285288300E+01   1.4254260900E+00   1.6624865700E-01
H31        1.0          -1.2289231100E+01   3.2528819700E+00   2.1713312300E+00
H32        1.0          -1.2288998600E+01   3.8021459900E+00  -1.1420276400E+00
H33        1.0          -3.8119990200E+00  -5.3636701500E+00  -7.4994348500E-01
H34        1.0          -9.1641512900E-01  -3.8341390500E+00  -1.7472218900E-01
H35        1.0           1.2397040000E+01  -3.1921896300E+00   4.3504519100E-01
H36        1.0          -3.0939125400E+00   4.3925512300E+00   1.1638974400E+00
H37        1.0          -1.2614725100E+01  -2.9091124400E+00  -7.4571616800E-01
 
Some Atomic Properties:
----------------------
  q(A) = Net Charge of Atom A
  L(A) = Lagrangian of Atom A = -(1/4) Times Atomic Integral of the Laplacian of the Electron Density
  K(A) = Electronic Kinetic Energy of Atom A (Hamiltonian Form)
  K_Scaled(A) = K(A) * E(Mol)/K(Mol) = Approximation to Virial-Based Total Energy of Atom A.
  |Mu_Intra(A)| = Magnitude of Intraatomic Dipole Moment of Atom A
--------------------------------------------------------------------------------------------------
Atom A          q(A)              L(A)              K(A)          K_Scaled(A)      |Mu_Intra(A)|
--------------------------------------------------------------------------------------------------
C1        6.8313679900E-01 -2.7614434005E-04  3.7346217458E+01 -3.7408771066E+01  5.2511227013E-01
N2       -1.5728303830E+00  4.2580758816E-05  5.5384109073E+01 -5.5476875518E+01  1.7009241461E-01
C3        1.3579785697E+00 -1.5552865280E-04  3.6939819231E+01 -3.7001692136E+01  7.4636227887E-01
N4       -1.4060784591E+00  5.4746445419E-05  5.5087102939E+01 -5.5179371909E+01  2.8749463890E-01
C5        5.3697051070E-01 -1.1257769726E-04  3.7571196776E+01 -3.7634127216E+01  5.5060302199E-01
C6        1.6174532718E+00 -2.8180030380E-04  3.6746467981E+01 -3.6808017029E+01  8.4322812880E-01
O7       -1.3651958911E+00  5.3770501042E-05  7.5499360888E+01 -7.5625819677E+01  5.5611855755E-01
N8       -1.5540052854E+00 -1.2127568574E-04  5.5298053236E+01 -5.5390675541E+01  6.2796688896E-02
C9        1.9233179609E+00  1.1362815818E-04  3.6636056698E+01 -3.6697420811E+01  5.1554508560E-02
N10      -1.3801026213E+00  4.5421448480E-05  5.5058523714E+01 -5.5150744815E+01  6.1942564239E-02
N11      -1.4503115355E+00 -2.1936337044E-05  5.5122770170E+01 -5.5215098882E+01  9.2440189388E-02
C12       1.1230818367E+00 -2.4584166221E-06  3.7202025138E+01 -3.7264337228E+01  7.9266484484E-01
C13       6.7852962090E-01 -2.2766825447E-04  3.7348566764E+01 -3.7411124306E+01  5.2709527366E-01
N14      -1.5736277640E+00  9.0286306169E-05  5.5381297983E+01 -5.5474059719E+01  1.7190134224E-01
C15       1.3710664571E+00 -1.6969926867E-04  3.6935938773E+01 -3.6997805178E+01  7.4226002849E-01
N16      -1.4333332710E+00  1.1389269769E-04  5.5087109381E+01 -5.5179378362E+01  2.4399222306E-01
C17       5.3428622230E-01 -6.5275402673E-05  3.7597321839E+01 -3.7660296038E+01  5.4018276701E-01
C18       1.3015046031E+00 -1.5233419934E-04  3.7036610382E+01 -3.7098645409E+01  7.3087316482E-01
N19      -1.5194945258E+00  1.1736883554E-04  5.5177272782E+01 -5.5269692783E+01  1.6085914315E-01
N20      -1.4910911190E+00  8.7575157460E-05  5.5124842842E+01 -5.5217175025E+01  1.6917415446E-01
C21       1.4728580906E+00 -2.1907791802E-04  3.6879775369E+01 -3.6941547703E+01  6.0538936762E-01
N22      -1.4751548377E+00  4.2219443780E-05  5.5128192859E+01 -5.5220530654E+01  2.0799338631E-01
C23       1.1353914442E+00 -2.6328442402E-05  3.7213849486E+01 -3.7276181382E+01  7.2098097613E-01
H24      -2.7503573200E-02  3.7524496124E-05  6.3221838619E-01 -6.3327732987E-01  1.0139743243E-01
H25      -2.8589070100E-02  3.7233278851E-05  6.3270538549E-01 -6.3376514488E-01  1.0121971881E-01
H26      -4.1582005700E-02  4.3038182644E-05  6.3783197549E-01 -6.3890032174E-01  9.7050794003E-02
H27       5.8153019732E-01  8.6211730341E-05  3.4419663432E-01 -3.4477315164E-01  1.1829944127E-01
H28       4.7689231283E-01  4.4589573126E-05  4.0291948123E-01 -4.0359435727E-01  1.7215568834E-01
H29       4.8806391818E-01  2.7229250299E-05  3.9689261713E-01 -3.9755739838E-01  1.7112323648E-01
H30      -4.2139492600E-02  4.4041682156E-05  6.3798010331E-01 -6.3904869766E-01  9.6820804634E-02
H31      -1.9549693000E-02  3.7153163418E-05  6.2882909423E-01 -6.2988236097E-01  1.0105223481E-01
H32      -2.6233692500E-02  3.2156194660E-05  6.3171117664E-01 -6.3276927077E-01  1.0107435620E-01
H33       4.9102856901E-01  3.7923353400E-05  3.9692814427E-01 -3.9759298503E-01  1.6768975476E-01
H34       5.9523601556E-01  9.1199967725E-05  3.4015679745E-01 -3.4072654819E-01  1.1119819761E-01
H35       2.1807806210E-02  2.9613446077E-05  6.0878913245E-01 -6.0980883295E-01  1.0106804773E-01
H36      -1.3637898500E-02  4.3409476486E-05  6.3489723904E-01 -6.3596066971E-01  9.1608391492E-02
H37       3.0010352790E-02  3.0454537157E-05  6.0590629326E-01 -6.0692116511E-01  1.0006747779E-01
--------------------------------------------------------------------------------------------------
Total    -3.1655960000E-04 -4.4883683385E-04  1.0803344442E+03 -1.0821439666E+03
 
Molecular charge q(Mol) from the wfx file:   0.0000000000E+00
Molecular energy E(Mol) from the wfx file:  -1.0821440315E+03
Molecular virial ratio (-V(Mol)/T(Mol)) from the wfx file:   2.0016749650E+00
Note.  K_Scaled(A) = (1+V(Mol)/T(Mol))*K(A) = E(Mol)/T(Mol)*K(A)
       Use K_Scaled(A) with caution.
 
Some Information About the Atomic Calculations:
----------------------------------------------
  Time(sec) = "Elapsed User Time", in Seconds, for Atom A by AIMInt
  NProc = Number of Processors Used for AIMInt Job
  BIM = Basin Integration Method
  OAQ = Angular Quadrature Outside of Beta Sphere
  ORQ = Multiple of Default for Radial Quadrature Outside of Beta Sphere
  IAQ = Multiple of Default for Angular Quadrature Inside of Beta Sphere
  IRQ = Multiple of Default for Radial Quadrature Inside of Beta Sphere
  MIR = Maximum Integration Radius
------------------------------------------------------------------------------------------------------
Atom A     Time(sec)   NProc      BIM              OAQ                 ORQ      IAQ      IRQ      MIR
------------------------------------------------------------------------------------------------------
C1            154        1     Proaim(5)    120*80    (High)           1.00     1.00     1.00    10.00
N2            260        1     Proaim(5)    120*80    (High)           1.00     1.00     1.00    10.00
C3            202        1     Proaim(5)    120*80    (High)           1.00     1.00     1.00    10.00
N4            266        1     Proaim(5)    120*80    (High)           1.00     1.00     1.00    10.00
C5            286        1     Proaim(5)    120*80    (High)           1.00     1.00     1.00    10.00
C6            270        1     Proaim(5)    120*80    (High)           1.00     1.00     1.00    10.00
O7            305        1     Proaim(5)    120*80    (High)           1.00     1.00     1.00    10.00
N8            420        1     Proaim(5)    120*80    (High)           1.00     1.00     1.00    10.00
C9            266        1     Proaim(5)    120*80    (High)           1.00     1.00     1.00    10.00
N10           337        1     Proaim(5)    120*80    (High)           1.00     1.00     1.00    10.00
N11           305        1     Proaim(5)    120*80    (High)           1.00     1.00     1.00    10.00
C12           249        1     Proaim(5)    120*80    (High)           1.00     1.00     1.00    10.00
C13           161        1     Proaim(5)    120*80    (High)           1.00     1.00     1.00    10.00
N14           262        1     Proaim(5)    120*80    (High)           1.00     1.00     1.00    10.00
C15           200        1     Proaim(5)    120*80    (High)           1.00     1.00     1.00    10.00
N16           281        1     Proaim(5)    120*80    (High)           1.00     1.00     1.00    10.00
C17           297        1     Proaim(5)    120*80    (High)           1.00     1.00     1.00    10.00
C18           249        1     Proaim(5)    120*80    (High)           1.00     1.00     1.00    10.00
N19           327        1     Proaim(5)    120*80    (High)           1.00     1.00     1.00    10.00
N20           378        1     Proaim(5)    120*80    (High)           1.00     1.00     1.00    10.00
C21           234        1     Proaim(5)    120*80    (High)           1.00     1.00     1.00    10.00
N22           295        1     Proaim(5)    120*80    (High)           1.00     1.00     1.00    10.00
C23           241        1     Proaim(5)    120*80    (High)           1.00     1.00     1.00    10.00
H24            64        1     Proaim(5)    72*48     (High)           1.00     1.00     1.00    10.00
H25            60        1     Proaim(5)    72*48     (High)           1.00     1.00     1.00    10.00
H26            53        1     Proaim(5)    72*48     (High)           1.00     1.00     1.00    10.00
H27           125        1     Proaim(5)    120*80    (High)           1.00     1.00     1.00    10.00
H28           154        1     Proaim(5)    120*80    (High)           1.00     1.00     1.00    10.00
H29            43        1     Proaim(5)    72*48     (High)           1.00     1.00     1.00    10.00
H30            50        1     Proaim(5)    72*48     (High)           1.00     1.00     1.00    10.00
H31            60        1     Proaim(5)    72*48     (High)           1.00     1.00     1.00    10.00
H32            57        1     Proaim(5)    72*48     (High)           1.00     1.00     1.00    10.00
H33            44        1     Proaim(5)    72*48     (High)           1.00     1.00     1.00    10.00
H34           106        1     Proaim(5)    120*80    (High)           1.00     1.00     1.00    10.00
H35            54        1     Proaim(5)    72*48     (High)           1.00     1.00     1.00    10.00
H36           181        1     Proaim(5)    120*80    (High)           1.00     1.00     1.00    10.00
H37            54        1     Proaim(5)    72*48     (High)           1.00     1.00     1.00    10.00
------------------------------------------------------------------------------------------------------
Total        7350
Note:  Total wall clock time is less than Total of atomic times if more than one atom
       was calculated at a time
 
Electron Density Critical Point Analysis of Molecular Structure:               
---------------------------------------------------------------                
  NACP = Nuclear Attractor Critical Point                                      
  NNACP = Non-Nuclear Attractor Critical Point                                 
  BCP = Bond Critical Point                                                    
  RCP = Ring Critical Point                                                    
  CCP = Cage Critical Point                                                    
  Rho = Electron Density                                                       
  GradRho = Gradient of Electron Density                                       
  HessRho_EigVals = Eigenvalues of the Hessian of Rho, Ascending Order         
  HessRho_EigVecs = Eigenvectors of the Hessian of Rho                         
  DelSqRho = Laplacian of Rho = Trace of Hessian of Rho                        
  Bond Ellipticity = (HessRho_EigVal(1) / HessRho_EigVal(2)) - 1               
  V = Virial Field = Potential Energy Density = Trace of Stress Tensor         
  G = Lagrangian Form of Kinetic Energy Density                                
  K = Hamiltonian Form of Kinetic Energy Density                               
  L = K - G = Lagrangian Density = (-1/4)DelSqRho                              
  Vnuc = Electrostatic Potential from Nuclei                                   
  Ven = Electron-nuclear attractive contribution to Virial Field V             
  Vrep = V - Ven = Repulsive contribution to Virial Field V                    
  DelSqV = Laplacian of V                                                      
  DelSqVen = Laplacian of Ven                                                  
  DelSqVrep = Laplacian of Vrep                                                
  DelSqG = Laplacian of G                                                      
  DelSqK = Laplacian of K                                                      
  Stress_EigVals = Eigenvalues of Stress Tensor, Ascending Order               
  Stress_EigVecs = Eigenvectors of Stress Tensor                               
  -DivStress = Ehrenfest Force Density = Minus Divergence of Stress Tensor     
  BP = Bond Path                                                               
  BPL = Bond Path Length                                                       
  GBL = Geometric Bond Length                                                  
  GBL_I = Distance Between Nuclear Attractors                                  
  GBL_II = Distance Between Nuclei                                             
  GBL_III = Sum of Distances Between BCP and Nuclear Attractors                
  GBL_IV = Sum of Distances Between BCP and Nuclei                             

CP# 1      Coords =  1.21719089064625E+01  2.13627047182265E+00 -2.33337409984846E-01
           Type = (3,-3) NACP C1
           Rho =  1.2061257929E+02     Rho at Nucleus =  1.2061257797E+02
           GradRho =  2.6628744690E-11  1.6442298032E-11 -3.7368304777E-13
           HessRho_EigVals = -2.2218299501E+05 -2.2218114111E+05 -2.2218113373E+05
           HessRho_EigVec1 =  7.3756615567E-01  6.7042831137E-01 -8.0759180999E-02
           HessRho_EigVec2 = -2.8766713463E-01  4.2014806390E-01  8.6065278949E-01
           HessRho_EigVec3 =  6.1093680987E-01 -6.1155660712E-01  5.0274718361E-01
           DelSqRho = -6.6654526986E+05
           Bond Ellipticity = NA
           V = -1.6664686389E+05
           G =  5.2732109455E+00
           K =  1.6664159068E+05
           L =  1.6663631746E+05
           Vnuc =  1.7395492613E+06
           Ven = -2.0981152322E+08
           Vrep =  2.0964487635E+08
           DelSqV =  8.1582513513E+09
           DelSqVen =  1.1594883297E+12
           DelSqVrep = -1.1513300784E+12
           DelSqG =  3.0698233337E+08
           DelSqK = -8.4652336847E+09
           Stress_EigVals = -5.5549125702E+04 -5.5549121052E+04 -5.5548617132E+04
           Stress_EigVec1 = -6.6540595691E-01  7.0223421729E-01 -2.5318376049E-01
           Stress_EigVec2 = -1.1275227785E-01  2.4072936792E-01  9.6402089980E-01
           Stress_EigVec3 =  7.3791722866E-01  6.7001229502E-01 -8.1004247832E-02
           -DivStress =  6.1195065110E+03  6.8210082264E+03 -8.1055820210E+02

CP# 2      Coords =  1.02180929357743E+01  2.17859224755415E-01 -3.91363452952651E-03
           Type = (3,-3) NACP N2
           Rho =  1.9567707317E+02     Rho at Nucleus =  1.9567707314E+02
           GradRho = -9.7190357303E-11  6.1905190577E-11 -2.8349234039E-12
           HessRho_EigVals = -4.9027522384E+05 -4.9027492552E+05 -4.9026772756E+05
           HessRho_EigVec1 =  9.0652764024E-01  4.1938672653E-01 -4.8191400646E-02
           HessRho_EigVec2 = -4.2212678127E-01  8.9945693542E-01 -1.1307608883E-01
           HessRho_EigVec3 = -4.0765212052E-03  1.2284948081E-01  9.9241694214E-01
           DelSqRho = -1.4708178769E+06
           Bond Ellipticity = NA
           V = -3.6774118489E+05
           G =  1.8357830441E+01
           K =  3.6772282706E+05
           L =  3.6770446923E+05
           Vnuc =  2.2886956952E+07
           Ven = -4.4784527500E+09
           Vrep =  4.4780850089E+09
           DelSqV =  2.4435040352E+10
           DelSqVen =  3.3662527603E+13
           DelSqVrep = -3.3638092562E+13
           DelSqG =  9.2138638136E+08
           DelSqK = -2.5356426733E+10
           Stress_EigVals = -1.2258134892E+05 -1.2257994290E+05 -1.2257989306E+05
           Stress_EigVec1 = -3.7611855386E-03  1.2256767410E-01  9.9245303100E-01
           Stress_EigVec2 =  3.1172953409E-02  9.9199208482E-01 -1.2239260852E-01
           Stress_EigVec3 =  9.9950692867E-01 -3.0477350787E-02  7.5518626780E-03
           -DivStress =  1.3042713955E+03 -2.0543766049E+03  9.3135776367E+01

CP# 3      Coords =  1.05305423979594E+01 -2.36479131687015E+00  3.20380085719850E-01
           Type = (3,-3) NACP C3
           Rho =  1.2077933992E+02     Rho at Nucleus =  1.2077933921E+02
           GradRho =  1.0603943517E-10 -4.7813606563E-11  5.1331549688E-12
           HessRho_EigVals = -2.2247534520E+05 -2.2247527220E+05 -2.2247387089E+05
           HessRho_EigVec1 = -6.5440814980E-03  1.2957075652E-01  9.9154858381E-01
           HessRho_EigVec2 = -2.1646488154E-02  9.9131911339E-01 -1.2968363422E-01
           HessRho_EigVec3 =  9.9974426957E-01  2.2312204944E-02  3.6825212225E-03
           DelSqRho = -6.6742448829E+05
           Bond Ellipticity = NA
           V = -1.6686660881E+05
           G =  5.2433707237E+00
           K =  1.6686136544E+05
           L =  1.6685612207E+05
           Vnuc =  2.3685120056E+06
           Ven = -2.8606731663E+08
           Vrep =  2.8590045002E+08
           DelSqV =  8.1688584110E+09
           DelSqVen =  1.5808029082E+12
           DelSqVrep = -1.5726340497E+12
           DelSqG =  3.0736759500E+08
           DelSqK = -8.4762260060E+09
           Stress_EigVals = -5.5622593820E+04 -5.5622124076E+04 -5.5621890919E+04
           Stress_EigVec1 =  9.9775025660E-01  6.7002627928E-02 -2.2523997190E-03
           Stress_EigVec2 = -6.6760680349E-02  9.8995882023E-01 -1.2459753534E-01
           Stress_EigVec3 = -6.1185793326E-03  1.2446759460E-01  9.9220480793E-01
           -DivStress = -2.5240075642E+02 -6.7086030872E+03  8.0955130969E+02

CP# 4      Coords =  8.39603726383447E+00 -3.60848960029827E+00  4.63609241690930E-01
           Type = (3,-3) NACP N4
           Rho =  1.9621177157E+02     Rho at Nucleus =  1.9621175289E+02
           GradRho = -3.3309278123E-10  6.9307454470E-11  4.7743167926E-12
           HessRho_EigVals = -4.9159102370E+05 -4.9159058710E+05 -4.9158121140E+05
           HessRho_EigVec1 = -4.2850975776E-02  1.3029535526E-01  9.9054879449E-01
           HessRho_EigVec2 =  9.8748536540E-01 -1.4509615810E-01  6.1804191048E-02
           HessRho_EigVec3 =  1.5177762352E-01  9.8080080817E-01 -1.2244724454E-01
           DelSqRho = -1.4747628222E+06
           Bond Ellipticity = NA
           V = -3.6872500809E+05
           G =  1.7151270867E+01
           K =  3.6870785682E+05
           L =  3.6869070555E+05
           Vnuc =  8.0288138979E+05
           Ven = -1.5753477985E+08
           Vrep =  1.5716605484E+08
           DelSqV =  2.4499699647E+10
           DelSqVen =  1.1840596229E+12
           DelSqVrep = -1.1595599233E+12
           DelSqG =  9.2380404284E+08
           DelSqK = -2.5423503690E+10
           Stress_EigVals = -1.2290973211E+05 -1.2290786374E+05 -1.2290741224E+05
           Stress_EigVec1 =  1.7219871241E-01  9.7746870215E-01 -1.2207595899E-01
           Stress_EigVec2 =  9.8496328859E-01 -1.6909767743E-01  3.5401915393E-02
           Stress_EigVec3 = -1.3961503158E-02  1.2633650227E-01  9.9188918969E-01
           -DivStress = -8.5255393278E+03 -6.8753368303E+04  8.4066216022E+03

CP# 5      Coords =  6.55969102236130E+00 -1.76893188780784E+00  2.29080261982685E-01
           Type = (3,-3) NACP C5
           Rho =  1.2078370258E+02     Rho at Nucleus =  1.2078370250E+02
           GradRho = -5.7499231850E-12 -4.9628478551E-10  6.2098179029E-11
           HessRho_EigVals = -2.2255324599E+05 -2.2255278371E+05 -2.2255221211E+05
           HessRho_EigVec1 = -5.9329490258E-01  7.9945100642E-01 -9.4229755934E-02
           HessRho_EigVec2 =  8.0480241396E-01  5.9157663296E-01 -4.8271749672E-02
           HessRho_EigVec3 = -1.7153222884E-02  1.0447571806E-01  9.9437950063E-01
           DelSqRho = -6.6765824181E+05
           Bond Ellipticity = NA
           V = -1.6692566999E+05
           G =  5.5547666793E+00
           K =  1.6692011522E+05
           L =  1.6691456045E+05
           Vnuc =  7.1908008293E+06
           Ven = -8.6853154865E+08
           Vrep =  8.6836462298E+08
           DelSqV =  8.1719564702E+09
           DelSqVen =  4.8009988014E+12
           DelSqVrep = -4.7928268449E+12
           DelSqG =  3.0757429064E+08
           DelSqK = -8.4795307609E+09
           Stress_EigVals = -5.5641987957E+04 -5.5641844587E+04 -5.5641837441E+04
           Stress_EigVec1 =  9.3209918402E-01  3.5816602063E-01 -5.3927848250E-02
           Stress_EigVec2 = -3.2152176844E-01  7.4963055831E-01 -5.7851342116E-01
           Stress_EigVec3 = -1.6677788695E-01  5.5657086495E-01  8.1388820406E-01
           -DivStress =  7.3414126737E+01  2.2167104008E+03 -2.7016280958E+02

CP# 6      Coords =  3.85584625489494E+00 -1.94223699687735E+00  2.34027153884690E-01
           Type = (3,-3) NACP C6
           Rho =  1.2080072639E+02     Rho at Nucleus =  1.2080072512E+02
           GradRho =  1.7218709033E-11  1.3347294881E-11  1.0069775417E-12
           HessRho_EigVals = -2.2250415608E+05 -2.2250207578E+05 -2.2250053058E+05
           HessRho_EigVec1 = -1.1442729720E-03  1.0216984631E-01  9.9476631082E-01
           HessRho_EigVec2 = -4.2528110614E-01  9.0027524318E-01 -9.2954113843E-02
           HessRho_EigVec3 =  9.0506058990E-01  4.2316168190E-01 -4.2420744623E-02
           DelSqRho = -6.6750676244E+05
           Bond Ellipticity = NA
           V = -1.6688666895E+05
           G =  4.9891709851E+00
           K =  1.6688167978E+05
           L =  1.6687669061E+05
           Vnuc =  1.7749118027E+06
           Ven = -2.1441063505E+08
           Vrep =  2.1424374838E+08
           DelSqV =  8.1698060366E+09
           DelSqVen =  1.1847656428E+12
           DelSqVrep = -1.1765958367E+12
           DelSqG =  3.0738782174E+08
           DelSqK = -8.4771938583E+09
           Stress_EigVals = -5.5629513701E+04 -5.5628937708E+04 -5.5628217544E+04
           Stress_EigVec1 =  8.6751950517E-01  4.9486526372E-01 -5.0182456229E-02
           Stress_EigVec2 = -4.9740029470E-01  8.6274546191E-01 -9.0902226543E-02
           Stress_EigVec3 = -1.6896679319E-03  1.0382022311E-01  9.9459464421E-01
           -DivStress =  5.2594881327E+03 -7.2869503040E+03  8.2704951371E+02

CP# 7      Coords =  2.49488988320825E+00 -3.83042916245243E+00  4.31138449128812E-01
           Type = (3,-3) NACP O7
           Rho =  2.9756123121E+02     Rho at Nucleus =  2.9756120737E+02
           GradRho =  7.3758748024E-11  6.8954597674E-11  1.4720974439E-11
           HessRho_EigVals = -9.6905174785E+05 -9.6904626085E+05 -9.6903004013E+05
           HessRho_EigVec1 =  6.0224806879E-01  7.9687580549E-01 -4.7814372944E-02
           HessRho_EigVec2 = -2.6373080571E-02  7.9722132098E-02  9.9646818428E-01
           HessRho_EigVec3 =  7.9787325075E-01 -5.9886002728E-01  6.9028569919E-02
           DelSqRho = -2.9071280488E+06
           Bond Ellipticity = NA
           V = -7.2687934040E+05
           G =  4.8664093768E+01
           K =  7.2683067630E+05
           L =  7.2678201221E+05
           Vnuc =  1.1405087164E+06
           Ven = -3.3937117786E+08
           Vrep =  3.3864429852E+08
           DelSqV =  6.2548977183E+10
           DelSqVen =  3.3156048763E+12
           DelSqVrep = -3.2530558991E+12
           DelSqG =  2.3671728374E+09
           DelSqK = -6.4916150021E+10
           Stress_EigVals = -2.4229628686E+05 -2.4229221772E+05 -2.4229083581E+05
           Stress_EigVec1 =  8.0457390824E-01 -5.8987847481E-01  6.8587251919E-02
           Stress_EigVec2 = -2.3014987067E-02  8.4435749527E-02  9.9616309637E-01
           Stress_EigVec3 =  5.9340638398E-01  8.0306537041E-01 -5.4358755523E-02
           -DivStress = -7.2010564200E+04 -1.2314413991E+05  1.3848535857E+04

CP# 8      Coords =  2.73336931544544E+00  4.75002458753765E-01 -3.01846893463813E-02
           Type = (3,-3) NACP N8
           Rho =  1.9569155859E+02     Rho at Nucleus =  1.9569155790E+02
           GradRho =  1.2130163583E-11  1.0455254379E-11 -5.3499023787E-13
           HessRho_EigVals = -4.9031385729E+05 -4.9031168086E+05 -4.9030557364E+05
           HessRho_EigVec1 =  2.1037005161E-01  9.6776055923E-01 -1.3850610594E-01
           HessRho_EigVec2 =  9.7517308670E-01 -2.1774779899E-01 -4.0290780786E-02
           HessRho_EigVec3 =  6.9151228260E-02  1.2659145322E-01  9.8954166744E-01
           DelSqRho = -1.4709311118E+06
           Bond Ellipticity = NA
           V = -3.6776970291E+05
           G =  1.8462480597E+01
           K =  3.6775124043E+05
           L =  3.6773277795E+05
           Vnuc =  4.1907810351E+06
           Ven = -8.2010047247E+08
           Vrep =  8.1973270277E+08
           DelSqV =  2.4436915904E+10
           DelSqVen =  6.1643502060E+12
           DelSqVrep = -6.1399132900E+12
           DelSqG =  9.2146040021E+08
           DelSqK = -2.5358376305E+10
           Stress_EigVals = -1.2259083534E+05 -1.2258966782E+05 -1.2258919976E+05
           Stress_EigVec1 =  7.0064643473E-02  1.2705126328E-01  9.8941847680E-01
           Stress_EigVec2 =  9.7346274196E-01 -2.2532244162E-01 -4.0001091574E-02
           Stress_EigVec3 =  2.1785599776E-01  9.6596468559E-01 -1.3946680766E-01
           -DivStress = -1.1226084215E+04 -7.1698153384E+03  7.5189462537E+02

CP# 9      Coords =  4.02137286502627E+00  2.69529925070464E+00 -3.50396493640786E-01
           Type = (3,-3) NACP C9
           Rho =  1.2072773141E+02     Rho at Nucleus =  1.2072773088E+02
           GradRho = -8.6058886806E-09 -4.8587271533E-10  1.2270025863E-09
           HessRho_EigVals = -2.2235370109E+05 -2.2235176315E+05 -2.2235089469E+05
           HessRho_EigVec1 = -1.4292387687E-02  1.7706916171E-01  9.8409462941E-01
           HessRho_EigVec2 =  6.8194606084E-02  9.8207613718E-01 -1.7571555563E-01
           HessRho_EigVec3 =  9.9756965840E-01 -6.4598550758E-02  2.6111374623E-02
           DelSqRho = -6.6705635893E+05
           Bond Ellipticity = NA
           V = -1.6677423447E+05
           G =  5.0723699340E+00
           K =  1.6676916210E+05
           L =  1.6676408973E+05
           Vnuc =  2.7644225869E+06
           Ven = -3.3374246757E+08
           Vrep =  3.3357569333E+08
           DelSqV =  8.1642945375E+09
           DelSqVen =  1.8440257208E+12
           DelSqVrep = -1.8358614263E+12
           DelSqG =  3.0715922723E+08
           DelSqK = -8.4714537647E+09
           Stress_EigVals = -5.5591856119E+04 -5.5591567820E+04 -5.5590810533E+04
           Stress_EigVec1 =  9.9796287338E-01 -6.0749880725E-02  1.9482180169E-02
           Stress_EigVec2 =  6.3123031063E-02  9.8453029029E-01 -1.6344904545E-01
           Stress_EigVec3 = -9.2512864809E-03  1.6434585332E-01  9.8635939403E-01
           -DivStress =  5.7210352455E+03  3.4418726158E+02 -8.1829625325E+02

CP# 10     Coords =  2.57991941048622E+00  4.84875028750785E+00 -5.61966858941598E-01
           Type = (3,-3) NACP N10
           Rho =  1.9563460601E+02     Rho at Nucleus =  1.9563460141E+02
           GradRho =  6.0260831047E-11  2.7077964870E-11 -2.7431390492E-12
           HessRho_EigVals = -4.9014898828E+05 -4.9014768445E+05 -4.9013807878E+05
           HessRho_EigVec1 = -5.4050684428E-01  7.9120527670E-01 -2.8608838042E-01
           HessRho_EigVec2 =  8.1516133657E-01  5.7664655600E-01  5.4687702667E-02
           HessRho_EigVec3 = -2.0824107820E-01  2.0364910897E-01  9.5664136110E-01
           DelSqRho = -1.4704347515E+06
           Bond Ellipticity = NA
           V = -3.6764536266E+05
           G =  1.8337390874E+01
           K =  3.6762702527E+05
           L =  3.6760868788E+05
           Vnuc =  1.6154472391E+06
           Ven = -3.1603738414E+08
           Vrep =  3.1566973878E+08
           DelSqV =  2.4428629715E+10
           DelSqVen =  2.3754097623E+12
           DelSqVrep = -2.3509811326E+12
           DelSqG =  9.2110512721E+08
           DelSqK = -2.5349734842E+10
           Stress_EigVals = -1.2254988223E+05 -1.2254788214E+05 -1.2254759828E+05
           Stress_EigVec1 = -2.0947717302E-01  1.9438668403E-01  9.5829699522E-01
           Stress_EigVec2 =  8.2505205831E-01  5.6112660221E-01  6.6528470362E-02
           Stress_EigVec3 = -5.2479368809E-01  8.0458110428E-01 -2.7792234811E-01
           -DivStress = -8.3030683883E+03  1.2946390517E+04  3.0980198618E+04

CP# 11     Coords =  6.50235834113744E+00  2.88021109837114E+00 -3.90516370108815E-01
           Type = (3,-3) NACP N11
           Rho =  1.9605435187E+02     Rho at Nucleus =  1.9605433384E+02
           GradRho = -1.5109898857E-10  9.0266271020E-11 -1.9822823938E-12
           HessRho_EigVals = -4.9124728006E+05 -4.9124285816E+05 -4.9123831887E+05
           HessRho_EigVec1 =  8.8057089223E-01 -4.7026685415E-01  5.8685514726E-02
           HessRho_EigVec2 =  7.9529128871E-03  1.3847742716E-01  9.9033365758E-01
           HessRho_EigVec3 =  4.7384771280E-01  8.7159227168E-01 -1.2567918292E-01
           DelSqRho = -1.4737284571E+06
           Bond Ellipticity = NA
           V = -3.6846747127E+05
           G =  1.7678500153E+01
           K =  3.6844979277E+05
           L =  3.6843211427E+05
           Vnuc =  8.1707711664E+05
           Ven = -1.6019152453E+08
           Vrep =  1.5982305706E+08
           DelSqV =  2.4482959686E+10
           DelSqVen =  1.2041497989E+12
           DelSqVrep = -1.1796668392E+12
           DelSqG =  9.2325361767E+08
           DelSqK = -2.5406213304E+10
           Stress_EigVals = -1.2282337649E+05 -1.2282239408E+05 -1.2282170070E+05
           Stress_EigVec1 =  4.7901985398E-01  8.6934663287E-01 -1.2155826344E-01
           Stress_EigVec2 =  7.7161333273E-03  1.3430445615E-01  9.9091007379E-01
           Stress_EigVec3 =  8.7777015259E-01 -4.7560355863E-01  5.7626506446E-02
           -DivStress =  3.2712358147E+04  5.9457037037E+04 -9.6390217941E+03

CP# 12     Coords =  7.65844852930768E+00  6.16425208777447E-01 -6.39826658399074E-02
           Type = (3,-3) NACP C12
           Rho =  1.2083014178E+02     Rho at Nucleus =  1.2083014043E+02
           GradRho = -4.9302639368E-11 -6.1896449337E-12 -1.1129179175E-12
           HessRho_EigVals = -2.2260103660E+05 -2.2260006132E+05 -2.2259887427E+05
           HessRho_EigVec1 =  1.6141577887E-03  1.2793700535E-01  9.9178098245E-01
           HessRho_EigVec2 =  9.5700396829E-01 -2.8788462317E-01  3.5578763647E-02
           HessRho_EigVec3 =  2.9007033487E-01  9.4908090614E-01 -1.2290091302E-01
           DelSqRho = -6.6779997219E+05
           Bond Ellipticity = NA
           V = -1.6696056527E+05
           G =  5.2861127982E+00
           K =  1.6695527916E+05
           L =  1.6694999305E+05
           Vnuc =  1.7229527368E+06
           Ven = -2.0818462347E+08
           Vrep =  2.0801766290E+08
           DelSqV =  8.1735253628E+09
           DelSqVen =  1.1505877811E+12
           DelSqVrep = -1.1424142558E+12
           DelSqG =  3.0758471836E+08
           DelSqK = -8.4811100812E+09
           Stress_EigVals = -5.5653915886E+04 -5.5653579796E+04 -5.5653069592E+04
           Stress_EigVec1 =  1.4942623884E-01  9.8054316608E-01 -1.2730631801E-01
           Stress_EigVec2 =  9.8876780052E-01 -1.4776927205E-01  2.2416041118E-02
           Stress_EigVec3 = -3.1679339894E-03  1.2922593276E-01  9.9161011617E-01
           -DivStress = -7.1335518340E+03 -5.9212643231E+03  8.5163696780E+02

CP# 13     Coords = -1.24489313638108E+01  2.35148565346575E+00  3.20223086106217E-01
           Type = (3,-3) NACP C13
           Rho =  1.2061439301E+02     Rho at Nucleus =  1.2061439162E+02
           GradRho = -7.2878122152E-11 -5.4681480856E-12 -1.6481603063E-12
           HessRho_EigVals = -2.2218690567E+05 -2.2218501762E+05 -2.2218498509E+05
           HessRho_EigVec1 =  7.4376628440E-01 -6.6013294651E-01 -1.0505335365E-01
           HessRho_EigVec2 =  6.0971079715E-01  7.3440562367E-01 -2.9816291478E-01
           HessRho_EigVec3 =  2.7397893718E-01  1.5771135927E-01  9.4871632701E-01
           DelSqRho = -6.6655690839E+05
           Bond Ellipticity = NA
           V = -1.6664977110E+05
           G =  5.2720031328E+00
           K =  1.6664449910E+05
           L =  1.6663922710E+05
           Vnuc =  1.6962684140E+06
           Ven = -2.0459438513E+08
           Vrep =  2.0442773536E+08
           DelSqV =  8.1583942065E+09
           DelSqVen =  1.1306594345E+12
           DelSqVrep = -1.1225010403E+12
           DelSqG =  3.0698843502E+08
           DelSqK = -8.4653826415E+09
           Stress_EigVals = -5.5550100917E+04 -5.5550093619E+04 -5.5549576568E+04
           Stress_EigVec1 =  3.9091459325E-01  3.0137304303E-01  8.6968963988E-01
           Stress_EigVec2 =  5.4210838875E-01  6.8821651486E-01 -4.8215819346E-01
           Stress_EigVec3 =  7.4384425496E-01 -6.5994872347E-01 -1.0565702421E-01
           -DivStress = -6.2328245875E+03  6.9768722068E+03  1.2152108617E+03

CP# 14     Coords = -1.04768305790662E+01  4.59948074114110E-01  1.49855172675677E-02
           Type = (3,-3) NACP N14
           Rho =  1.9567109166E+02     Rho at Nucleus =  1.9567109166E+02
           GradRho =  2.5755982560E-10 -2.7128282005E-12 -5.2852467276E-13
           HessRho_EigVals = -4.9025692744E+05 -4.9025680364E+05 -4.9024945075E+05
           HessRho_EigVec1 =  7.1632367541E-01 -6.8886236592E-01 -1.1112620246E-01
           HessRho_EigVec2 =  6.9679755989E-01  6.9780023099E-01  1.6597589632E-01
           HessRho_EigVec3 = -3.6790658877E-02 -1.9632493080E-01  9.7984844184E-01
           DelSqRho = -1.4707631818E+06
           Bond Ellipticity = NA
           V = -3.6772752249E+05
           G =  1.8363514173E+01
           K =  3.6770915897E+05
           L =  3.6769079546E+05
           Vnuc =  4.9565768722E+07
           Ven = -9.6985880749E+09
           Vrep =  9.6982203474E+09
           DelSqV =  2.4434125053E+10
           DelSqVen =  7.2899620766E+13
           DelSqVrep = -7.2875186641E+13
           DelSqG =  9.2134599855E+08
           DelSqK = -2.5355471051E+10
           Stress_EigVals = -1.2257680669E+05 -1.2257537447E+05 -1.2257534133E+05
           Stress_EigVec1 = -3.6331663666E-02 -1.9619336232E-01  9.7989191996E-01
           Stress_EigVec2 = -5.9084253051E-01  7.9502292101E-01  1.3727220845E-01
           Stress_EigVec3 =  8.0596843261E-01  5.7397449390E-01  1.4480388803E-01
           -DivStress = -9.5855416196E+02 -5.6975983110E+02  8.7920088297E+01

CP# 15     Coords = -1.07591330883642E+01 -2.08267997726466E+00 -5.07723607034844E-01
           Type = (3,-3) NACP C15
           Rho =  1.2078753724E+02     Rho at Nucleus =  1.2078753662E+02
           GradRho = -1.9672623854E-12 -1.2975165569E-11 -7.3486794449E-12
           HessRho_EigVals = -2.2248716322E+05 -2.2248670230E+05 -2.2248538550E+05
           HessRho_EigVec1 = -3.8858464349E-02 -1.9464612631E-01  9.8010351762E-01
           HessRho_EigVec2 = -4.0542877093E-03  9.8086696333E-01  1.9463700315E-01
           HessRho_EigVec3 =  9.9923649978E-01 -3.5896734024E-03  3.8904135323E-02
           DelSqRho = -6.6745925101E+05
           Bond Ellipticity = NA
           V = -1.6687524801E+05
           G =  5.2176304061E+00
           K =  1.6687003038E+05
           L =  1.6686481275E+05
           Vnuc =  2.5463625814E+06
           Ven = -3.0756886513E+08
           Vrep =  3.0740198988E+08
           DelSqV =  8.1692663655E+09
           DelSqVen =  1.6995932897E+12
           DelSqVrep = -1.6914240234E+12
           DelSqG =  3.0737862555E+08
           DelSqK = -8.4766449911E+09
           Stress_EigVals = -5.5625484149E+04 -5.5625051025E+04 -5.5624712839E+04
           Stress_EigVec1 =  9.9823268838E-01 -5.1863076548E-02  2.9012430704E-02
           Stress_EigVec2 =  4.5130851268E-02  9.7922989345E-01  1.9766644134E-01
           Stress_EigVec3 = -3.8661429205E-02 -1.9600774745E-01  9.7983991388E-01
           -DivStress = -4.1563207868E+01 -6.1742237869E+03 -1.2044635282E+03

CP# 16     Coords = -8.61245441147522E+00 -3.31977756965844E+00 -6.71310389206046E-01
           Type = (3,-3) NACP N16
