AIMSum (Version 11.12.19, Professional)
Copyright (c) 1997-2011 by Todd A. Keith
AIMSum is a component of the AIMAll package ( http://aim.tkgristmill.com )

Much of the Quantum Theory of Atoms in Molecules (QTAIM) is described in the book:
  "Atoms in Molecules - A Quantum Theory"
  R.F.W. Bader, Oxford University Press, Oxford, 1990

For additional references see:  http://aim.tkgristmill.com/references.html

Wfx File:  /home4/vemuri/FCHK/CHK-Neutral/GUWWT/CHK-Mp2-Spe-FOPT-GUWWT-Neut-61.wfx
Sum File:  /home4/vemuri/FCHK/CHK-Neutral/GUWWT/CHK-Mp2-Spe-FOPT-GUWWT-Neut-61.sum

SumViz File:  /home4/vemuri/FCHK/CHK-Neutral/GUWWT/CHK-Mp2-Spe-FOPT-GUWWT-Neut-61.sumviz

Wfx Title:  CHK-Mp2-Spe-GUWWT-From-fopt-step61                                             
 
Total memory allocated for AIMSum =       21.741 Megabytes

Atomic units (a.u.) used throughout, except where stated otherwise

Restricted, closed-shell, single-determinant wavefunction.
  Number of electrons (from MO Occs)                   =         152.0000000000
  Number of Alpha electrons (from MO Occs)             =          76.0000000000
  Number of Beta electrons (from MO Occs)              =          76.0000000000
  Number of electron pairs (N*(N-1)/2)                 =       11476.0000000000
  Number of electron pairs (from Muller 2EDM)          =       11476.0000000000
 
Nuclear Charges and Cartesian Coordinates:
-------------------------------------------------------------------------------
Atom      Charge                X                  Y                  Z
-------------------------------------------------------------------------------
C1         6.0           1.1343387200E+01  -2.5010903300E+00   2.5193828800E-02
N2         7.0           9.1389669100E+00  -8.2470294100E-01   3.4440258800E-02
C3         6.0           6.7561318600E+00  -2.0011670600E+00  -3.4625451900E-02
O4         8.0           6.5549194900E+00  -4.2948146000E+00  -9.7787658200E-02
N5         7.0           4.7148251300E+00  -3.5750783800E-01  -2.4303767800E-02
C6         6.0           4.8215795400E+00   2.2630226300E+00   4.3327640800E-02
O7         8.0           2.8578309400E+00   3.5549452400E+00   4.1717594100E-02
C8         6.0           7.3409699800E+00   3.3221158600E+00   1.1308499100E-01
C9         6.0           9.3661290000E+00   1.7512205500E+00   1.0542026200E-01
C10        6.0          -1.1452879900E+01  -1.7300442700E-01   1.2132230700E-01
N11        7.0          -8.9456554900E+00  -1.2941411500E+00   6.4197776200E-02
C12        6.0          -8.3218096500E+00  -3.8414409500E+00   6.9655305300E-02
N13        7.0          -5.8848112700E+00  -4.2619919400E+00   1.8687501700E-02
C14        6.0          -4.8175789900E+00  -1.8800753000E+00  -2.3436383500E-02
C15        6.0          -2.2311788600E+00  -1.0816244400E+00  -7.5611722000E-02
O16        8.0          -2.7067492300E-01  -2.3601847900E+00  -8.9024998100E-02
N17        7.0          -2.0505323800E+00   1.5816818800E+00  -1.1091747500E-01
C18        6.0          -4.0368594200E+00   3.2359046700E+00  -7.8521900300E-02
N19        7.0          -3.4373268000E+00   5.7485091000E+00  -1.9955885900E-01
N20        7.0          -6.4271305400E+00   2.5346367500E+00  -1.0153498500E-02
C21        6.0          -6.6935687000E+00  -1.3432173400E-02   5.7145318300E-03
H22        1.0           7.5530539400E+00   5.3530385500E+00   1.6684014100E-01
H23        1.0           1.1288224300E+01   2.4623339400E+00   1.5474400400E-01
H24        1.0          -1.2853735700E+01  -1.6860098800E+00   6.8015023000E-02
H25        1.0          -9.7746896800E+00  -5.2799515100E+00   1.1004442200E-01
H26        1.0          -4.8505849400E+00   6.9629434900E+00   2.0054151700E-01
H27        1.0          -1.1722878300E+01   1.0639611700E+00  -1.5108757300E+00
H28        1.0          -1.1713153700E+01   9.3610418600E-01   1.8455972500E+00
H29        1.0          -2.2891008500E-01   2.2825983100E+00  -1.2354462500E-01
H30        1.0          -1.6573446200E+00   6.3028734900E+00   2.0896591600E-01
H31        1.0           1.1286342100E+01  -3.7581172600E+00   1.6611543100E+00
H32        1.0           1.1346930500E+01  -3.6611743100E+00  -1.6819583000E+00
H33        1.0           1.3048173400E+01  -1.3447366800E+00   8.9476642700E-02
H34        1.0           2.9376888800E+00  -1.2013726000E+00  -6.4125966600E-02
 
Some Atomic Properties:
----------------------
  q(A) = Net Charge of Atom A
  L(A) = Lagrangian of Atom A = -(1/4) Times Atomic Integral of the Laplacian of the Electron Density
  K(A) = Electronic Kinetic Energy of Atom A (Hamiltonian Form)
  K_Scaled(A) = K(A) * E(Mol)/K(Mol) = Approximation to Virial-Based Total Energy of Atom A.
  |Mu_Intra(A)| = Magnitude of Intraatomic Dipole Moment of Atom A
--------------------------------------------------------------------------------------------------
Atom A          q(A)              L(A)              K(A)          K_Scaled(A)      |Mu_Intra(A)|
--------------------------------------------------------------------------------------------------
C1        6.6327491210E-01 -1.2613297578E-05  3.7367878051E+01 -3.7431601729E+01  5.1967444813E-01
N2       -1.5348706406E+00  5.6230124753E-04  5.5334761728E+01 -5.5429124446E+01  1.7933945754E-01
C3        2.2427034695E+00 -3.6360112188E-04  3.6340091895E+01 -3.6402062883E+01  2.1733244971E-01
O4       -1.3492993443E+00  9.7039147575E-05  7.5531271212E+01 -7.5660075165E+01  6.3388800221E-01
N5       -1.5516935844E+00  1.3788318435E-04  5.5307729227E+01 -5.5402045846E+01  8.2906622011E-02
C6        1.6431793283E+00 -1.7403176659E-04  3.6739851296E+01 -3.6802503996E+01  8.4302598125E-01
O7       -1.3731564623E+00  8.6259836546E-05  7.5494684895E+01 -7.5623426457E+01  5.1886983962E-01
C8        6.6603038100E-02 -4.6978266461E-04  3.7775926855E+01 -3.7840346381E+01  1.4358864514E-01
C9        6.0828948850E-01 -5.1946194044E-05  3.7443486712E+01 -3.7507339326E+01  8.0872900611E-01
C10       6.8452373330E-01 -5.5671837979E-04  3.7345331098E+01 -3.7409016327E+01  5.2454187965E-01
N11      -1.5730794866E+00  4.2595853052E-04  5.5385012608E+01 -5.5479461019E+01  1.7030484536E-01
C12       1.3586260604E+00  7.4884473534E-04  3.6939421967E+01 -3.7002414997E+01  7.4654623979E-01
N13      -1.4065569679E+00  1.9719445108E-04  5.5088227557E+01 -5.5182169859E+01  2.9001258677E-01
C14       5.3613940290E-01 -6.5089132810E-05  3.7568633059E+01 -3.7632699086E+01  5.4749721452E-01
C15       1.6172511330E+00  2.0687676961E-03  3.6749457442E+01 -3.6812126524E+01  8.4775986231E-01
O16      -1.3664975496E+00  6.3633537831E-05  7.5492856721E+01 -7.5621595165E+01  5.5006291426E-01
N17      -1.5631550563E+00  2.9464511638E-04  5.5323117674E+01 -5.5417460535E+01  5.8379754787E-02
C18       1.9356353174E+00  1.0379529283E-03  3.6627805533E+01 -3.6690267161E+01  7.5205778840E-02
N19      -1.4133285771E+00  4.6693685240E-05  5.5086476405E+01 -5.5180415720E+01  8.7344364152E-02
N20      -1.4351198575E+00 -1.4966935407E-04  5.5105511708E+01 -5.5199483484E+01  6.6761611775E-02
C21       1.1233965170E+00  1.7609526243E-06  3.7200080205E+01 -3.7263517736E+01  7.9421395813E-01
H22       1.5635283800E-02  2.9033555193E-05  6.0675185605E-01 -6.0778655382E-01  1.0551936003E-01
H23       2.8137994330E-02  4.2211954662E-05  6.1117692696E-01 -6.1221917083E-01  9.6714415498E-02
H24      -4.3181658600E-02  4.5401555010E-05  6.3849840296E-01 -6.3958723831E-01  9.7144731959E-02
H25       1.9966661730E-02  3.2235422252E-05  6.0955994262E-01 -6.1059942903E-01  1.0117260353E-01
H26       4.9194934349E-01  2.5443157914E-05  3.9508770491E-01 -3.9576145047E-01  1.6990917358E-01
H27      -2.5973258100E-02  3.9558543933E-05  6.3158363117E-01 -6.3266067472E-01  1.0152410946E-01
H28      -3.1587787900E-02  3.2024112966E-05  6.3391591494E-01 -6.3499693574E-01  1.0163879134E-01
H29       5.9349067499E-01  9.9237607268E-05  3.4530135602E-01 -3.4589020060E-01  1.0675746619E-01
H30       4.9929361759E-01  3.8112645471E-05  3.9155176322E-01 -3.9221947891E-01  1.6324676530E-01
H31      -8.8596654000E-03  4.2042347378E-05  6.2550965791E-01 -6.2657634347E-01  1.0368222102E-01
H32      -9.3434393000E-03  4.1798476476E-05  6.2567715434E-01 -6.2674412554E-01  1.0362823886E-01
H33      -5.7823935200E-02  5.3694627751E-05  6.4748236867E-01 -6.4858652444E-01  9.3696570082E-02
H34       6.1830006283E-01 -4.7566674607E-05  3.2432191171E-01 -3.2487497991E-01  1.0313531580E-01
--------------------------------------------------------------------------------------------------
Total     2.8687681600E-03  4.3987104697E-03  1.0283340324E+03 -1.0300876569E+03
 
Note.  Potentially significant integration error for the following atom:  C15     
 
Molecular charge q(Mol) from the wfx file:   0.0000000000E+00
Molecular energy E(Mol) from the wfx file:  -1.0300869300E+03
Molecular virial ratio (-V(Mol)/T(Mol)) from the wfx file:   2.0017053063E+00
Note.  K_Scaled(A) = (1+V(Mol)/T(Mol))*K(A) = E(Mol)/T(Mol)*K(A)
       Use K_Scaled(A) with caution.
 
Note.  Potentially significant cumulative integration error.
 
Some Information About the Atomic Calculations:
----------------------------------------------
  Time(sec) = "Elapsed User Time", in Seconds, for Atom A by AIMInt
  NProc = Number of Processors Used for AIMInt Job
  BIM = Basin Integration Method
  OAQ = Angular Quadrature Outside of Beta Sphere
  ORQ = Multiple of Default for Radial Quadrature Outside of Beta Sphere
  IAQ = Multiple of Default for Angular Quadrature Inside of Beta Sphere
  IRQ = Multiple of Default for Radial Quadrature Inside of Beta Sphere
  MIR = Maximum Integration Radius
------------------------------------------------------------------------------------------------------
Atom A     Time(sec)   NProc      BIM              OAQ                 ORQ      IAQ      IRQ      MIR
------------------------------------------------------------------------------------------------------
C1            153        1     Proaim(5)    120*80    (High)           1.00     1.00     1.00    10.00
N2            249        1     Proaim(5)    120*80    (High)           1.00     1.00     1.00    10.00
C3            203        1     Proaim(5)    120*80    (High)           1.00     1.00     1.00    10.00
O4            167        1     Proaim(5)    96*64     (High)           1.00     1.00     1.00    10.00
N5            272        1     Proaim(5)    120*80    (High)           1.00     1.00     1.00    10.00
C6            200        1     Proaim(5)    120*80    (High)           1.00     1.00     1.00    10.00
O7            263        1     Proaim(5)    120*80    (High)           1.00     1.00     1.00    10.00
C8            236        1     Proaim(5)    120*80    (High)           1.00     1.00     1.00    10.00
C9            198        1     Proaim(5)    120*80    (High)           1.00     1.00     1.00    10.00
C10           135        1     Proaim(5)    120*80    (High)           1.00     1.00     1.00    10.00
N11           232        1     Proaim(5)    120*80    (High)           1.00     1.00     1.00    10.00
C12           184        1     Proaim(5)    120*80    (High)           1.00     1.00     1.00    10.00
N13           245        1     Proaim(5)    120*80    (High)           1.00     1.00     1.00    10.00
C14           246        1     Proaim(5)    120*80    (High)           1.00     1.00     1.00    10.00
C15           216        1     Proaim(5)    120*80    (High)           1.00     1.00     1.00    10.00
O16           272        1     Proaim(5)    120*80    (High)           1.00     1.00     1.00    10.00
N17           318        1     Proaim(5)    120*80    (High)           1.00     1.00     1.00    10.00
C18           225        1     Proaim(5)    120*80    (High)           1.00     1.00     1.00    10.00
N19           281        1     Proaim(5)    120*80    (High)           1.00     1.00     1.00    10.00
N20           239        1     Proaim(5)    120*80    (High)           1.00     1.00     1.00    10.00
C21           219        1     Proaim(5)    120*80    (High)           1.00     1.00     1.00    10.00
H22            47        1     Proaim(5)    72*48     (High)           1.00     1.00     1.00    10.00
H23            51        1     Proaim(5)    72*48     (High)           1.00     1.00     1.00    10.00
H24            43        1     Proaim(5)    72*48     (High)           1.00     1.00     1.00    10.00
H25            46        1     Proaim(5)    72*48     (High)           1.00     1.00     1.00    10.00
H26            33        1     Proaim(5)    72*48     (High)           1.00     1.00     1.00    10.00
H27            54        1     Proaim(5)    72*48     (High)           1.00     1.00     1.00    10.00
H28            54        1     Proaim(5)    72*48     (High)           1.00     1.00     1.00    10.00
H29           131        1     Proaim(5)    120*80    (High)           1.00     1.00     1.00    10.00
H30            55        1     Proaim(5)    72*48     (High)           1.00     1.00     1.00    10.00
H31            52        1     Proaim(5)    72*48     (High)           1.00     1.00     1.00    10.00
H32            49        1     Proaim(5)    72*48     (High)           1.00     1.00     1.00    10.00
H33            54        1     Proaim(5)    72*48     (High)           1.00     1.00     1.00    10.00
H34            97        1     Proaim(5)    120*80    (High)           1.00     1.00     1.00    10.00
------------------------------------------------------------------------------------------------------
Total        5519
Note:  Total wall clock time is less than Total of atomic times if more than one atom
       was calculated at a time
 
Electron Density Critical Point Analysis of Molecular Structure:               
---------------------------------------------------------------                
  NACP = Nuclear Attractor Critical Point                                      
  NNACP = Non-Nuclear Attractor Critical Point                                 
  BCP = Bond Critical Point                                                    
  RCP = Ring Critical Point                                                    
  CCP = Cage Critical Point                                                    
  Rho = Electron Density                                                       
  GradRho = Gradient of Electron Density                                       
  HessRho_EigVals = Eigenvalues of the Hessian of Rho, Ascending Order         
  HessRho_EigVecs = Eigenvectors of the Hessian of Rho                         
  DelSqRho = Laplacian of Rho = Trace of Hessian of Rho                        
  Bond Ellipticity = (HessRho_EigVal(1) / HessRho_EigVal(2)) - 1               
  V = Virial Field = Potential Energy Density = Trace of Stress Tensor         
  G = Lagrangian Form of Kinetic Energy Density                                
  K = Hamiltonian Form of Kinetic Energy Density                               
  L = K - G = Lagrangian Density = (-1/4)DelSqRho                              
  Vnuc = Electrostatic Potential from Nuclei                                   
  Ven = Electron-nuclear attractive contribution to Virial Field V             
  Vrep = V - Ven = Repulsive contribution to Virial Field V                    
  DelSqV = Laplacian of V                                                      
  DelSqVen = Laplacian of Ven                                                  
  DelSqVrep = Laplacian of Vrep                                                
  DelSqG = Laplacian of G                                                      
  DelSqK = Laplacian of K                                                      
  Stress_EigVals = Eigenvalues of Stress Tensor, Ascending Order               
  Stress_EigVecs = Eigenvectors of Stress Tensor                               
  -DivStress = Ehrenfest Force Density = Minus Divergence of Stress Tensor     
  BP = Bond Path                                                               
  BPL = Bond Path Length                                                       
  GBL = Geometric Bond Length                                                  
  GBL_I = Distance Between Nuclear Attractors                                  
  GBL_II = Distance Between Nuclei                                             
  GBL_III = Sum of Distances Between BCP and Nuclear Attractors                
  GBL_IV = Sum of Distances Between BCP and Nuclei                             

CP# 1      Coords =  1.13433846717593E+01 -2.50108779755463E+00  2.51938542580713E-02
           Type = (3,-3) NACP C1
           Rho =  1.2062369231E+02     Rho at Nucleus =  1.2062369088E+02
           GradRho = -2.0276231905E-11 -2.2471678258E-11  1.1246048500E-13
           HessRho_EigVals = -2.2219791677E+05 -2.2219590522E+05 -2.2219584455E+05
           HessRho_EigVec1 =  8.3993091749E-01 -5.4269271433E-01 -8.1955302586E-04
           HessRho_EigVec2 =  5.4197417829E-01  8.3873920003E-01  5.2730867626E-02
           HessRho_EigVec3 = -2.7929266432E-02 -4.4734462603E-02  9.9860842372E-01
           DelSqRho = -6.6658966655E+05
           Bond Ellipticity = NA
           V = -1.6665795290E+05
           G =  5.2681329809E+00
           K =  1.6665268477E+05
           L =  1.6664741664E+05
           Vnuc =  1.6766798290E+06
           Ven = -2.0224731179E+08
           Vrep =  2.0208065383E+08
           DelSqV =  8.1587679873E+09
           DelSqVen =  1.1176574484E+12
           DelSqVrep = -1.1094986805E+12
           DelSqG =  3.0699495721E+08
           DelSqK = -8.4657629445E+09
           Stress_EigVals = -5.5552845170E+04 -5.5552830646E+04 -5.5552277086E+04
           Stress_EigVec1 = -2.9438405552E-02 -4.6937716284E-02  9.9846393579E-01
           Stress_EigVec2 =  5.4345871110E-01  8.3760586464E-01  5.5398960731E-02
           Stress_EigVec3 =  8.3891954895E-01 -5.4425478069E-01 -8.5092965728E-04
           -DivStress =  6.7454940852E+03 -6.7512878603E+03 -6.7814584852E+01

CP# 2      Coords =  9.13896659079676E+00 -8.24702371003220E-01  3.44402670807562E-02
           Type = (3,-3) NACP N2
           Rho =  1.9562729176E+02     Rho at Nucleus =  1.9562729165E+02
           GradRho = -5.8648678851E-10  6.0811751310E-10  1.0688635662E-11
           HessRho_EigVals = -4.9015414512E+05 -4.9015376612E+05 -4.9014479511E+05
           HessRho_EigVec1 =  5.1047144767E-01  8.5933804347E-01  3.0935871711E-02
           HessRho_EigVec2 =  8.5974666471E-01 -5.1072070613E-01  1.8127180043E-04
           HessRho_EigVec3 = -1.5955363999E-02 -2.6504478445E-02  9.9952135494E-01
           DelSqRho = -1.4704527063E+06
           Bond Ellipticity = NA
           V = -3.6765012433E+05
           G =  1.8473870365E+01
           K =  3.6763165046E+05
           L =  3.6761317659E+05
           Vnuc =  1.0714166632E+07
           Ven = -2.0959834017E+09
           Vrep =  2.0956157516E+09
           DelSqV =  2.4429051100E+10
           DelSqVen =  1.5754674045E+13
           DelSqVrep = -1.5730244994E+13
           DelSqG =  9.2116408855E+08
           DelSqK = -2.5350215188E+10
           Stress_EigVals = -1.2255130405E+05 -1.2254943920E+05 -1.2254938108E+05
           Stress_EigVec1 = -1.5970238568E-02 -2.6547768025E-02  9.9951996853E-01
           Stress_EigVec2 = -6.1404221274E-01  7.8919441948E-01  1.1150302242E-02
           Stress_EigVec3 =  7.8911159696E-01  6.1356938017E-01  2.8905073376E-02
           -DivStress =  2.5456142627E+03 -4.5497391036E+03 -6.6234265732E+01

CP# 3      Coords =  6.75613242906803E+00 -2.00116409545274E+00 -3.46253677607722E-02
           Type = (3,-3) NACP C3
           Rho =  1.2068609802E+02     Rho at Nucleus =  1.2068609700E+02
           GradRho = -9.2441307459E-11 -3.0757102179E-11 -6.0775679364E-13
           HessRho_EigVals = -2.2225014430E+05 -2.2224834846E+05 -2.2224712726E+05
           HessRho_EigVec1 = -1.5562367644E-02 -2.6165083296E-02  9.9953649315E-01
           HessRho_EigVec2 =  9.9916252798E-01 -3.8241078647E-02  1.4555500163E-02
           HessRho_EigVec3 =  3.7842507770E-02  9.9892592734E-01  2.6738292495E-02
           DelSqRho = -6.6674562002E+05
           Bond Ellipticity = NA
           V = -1.6669640187E+05
           G =  4.9984345713E+00
           K =  1.6669140344E+05
           L =  1.6668640501E+05
           Vnuc =  1.9868808607E+06
           Ven = -2.3978889831E+08
           Vrep =  2.3962220191E+08
           DelSqV =  8.1604312812E+09
           DelSqVen =  1.3247441388E+12
           DelSqVrep = -1.3165837075E+12
           DelSqG =  3.0697856426E+08
           DelSqK = -8.4674098454E+09
           Stress_EigVals = -5.5566013138E+04 -5.5565529683E+04 -5.5564859054E+04
           Stress_EigVec1 =  2.4074263470E-02  9.9935804068E-01  2.6531799004E-02
           Stress_EigVec2 =  9.9958766330E-01 -2.4478307082E-02  1.5010525169E-02
           Stress_EigVec3 = -1.5650342546E-02 -2.6159491632E-02  9.9953526590E-01
           -DivStress = -1.5135140272E+03 -7.8816001028E+03 -2.2370611198E+02

CP# 4      Coords =  6.55492029199617E+00 -4.29480712567411E+00 -9.77874490420836E-02
           Type = (3,-3) NACP O4
           Rho =  2.9764099049E+02     Rho at Nucleus =  2.9764096309E+02
           GradRho = -1.0106799066E-10  4.2552715132E-10  6.3610600890E-13
           HessRho_EigVals = -9.6929277098E+05 -9.6928963750E+05 -9.6927138851E+05
           HessRho_EigVec1 =  7.4564921741E-02  9.9680604270E-01  2.8596952421E-02
           HessRho_EigVec2 = -1.6330514569E-02 -2.7452357828E-02  9.9948971097E-01
           HessRho_EigVec3 =  9.9708243728E-01 -7.4993875028E-02  1.4231372690E-02
           DelSqRho = -2.9078537970E+06
           Bond Ellipticity = NA
           V = -7.2706052644E+05
           G =  4.8538594190E+01
           K =  7.2701198784E+05
           L =  7.2696344925E+05
           Vnuc =  1.0638285840E+06
           Ven = -3.1663899345E+08
           Vrep =  3.1591193293E+08
           DelSqV =  6.2564311722E+10
           DelSqVen =  3.0934579866E+12
           DelSqVrep = -3.0308936748E+12
           DelSqG =  2.3677184443E+09
           DelSqK = -6.4932030166E+10
           Stress_EigVals = -2.4235684632E+05 -2.4235228122E+05 -2.4235139890E+05
           Stress_EigVec1 =  9.9687510384E-01 -7.7714294648E-02  1.4160358720E-02
           Stress_EigVec2 = -1.6330682637E-02 -2.7362834500E-02  9.9949216310E-01
           Stress_EigVec3 =  7.7287360909E-02  9.9660010220E-01  2.8546455966E-02
           -DivStress = -1.6384595200E+04 -1.5274517481E+05 -4.2741547171E+03

CP# 5      Coords =  4.71482692280881E+00 -3.57507382304191E-01 -2.43037174309045E-02
           Type = (3,-3) NACP N5
           Rho =  1.9570265208E+02     Rho at Nucleus =  1.9570265124E+02
           GradRho =  1.7914232414E-11  1.9146090742E-12 -2.0623428095E-13
           HessRho_EigVals = -4.9034195920E+05 -4.9033939199E+05 -4.9033356970E+05
           HessRho_EigVec1 = -4.9459491620E-01  8.6900730332E-01  1.4218847957E-02
           HessRho_EigVec2 =  8.6902697962E-01  4.9422976942E-01  2.3000950155E-02
           HessRho_EigVec3 = -1.2960615721E-02 -2.3732715509E-02  9.9963432347E-01
           DelSqRho = -1.4710149209E+06
           Bond Ellipticity = NA
           V = -3.6779069692E+05
           G =  1.8483348923E+01
           K =  3.6777221357E+05
           L =  3.6775373022E+05
           Vnuc =  3.7827798665E+06
           Ven = -7.4030005210E+08
           Vrep =  7.3993226140E+08
           DelSqV =  2.4438298950E+10
           DelSqVen =  5.5645257400E+12
           DelSqVrep = -5.5400874411E+12
           DelSqG =  9.2151308277E+08
           DelSqK = -2.5359812033E+10
           Stress_EigVals = -1.2259782094E+05 -1.2259671887E+05 -1.2259615711E+05
           Stress_EigVec1 = -1.3178947575E-02 -2.3758735763E-02  9.9963085077E-01
           Stress_EigVec2 =  8.5878101170E-01  5.1180422689E-01  2.3486321278E-02
           Stress_EigVec3 = -5.1217330006E-01  8.5877351835E-01  1.3658510060E-02
           -DivStress = -1.4322143766E+04 -3.6467364294E+03 -4.0254544092E+02

CP# 6      Coords =  4.82157858109561E+00  2.26302011400064E+00  4.33275573397049E-02
           Type = (3,-3) NACP C6
           Rho =  1.2080793776E+02     Rho at Nucleus =  1.2080793695E+02
           GradRho = -1.5742322971E-11  2.2919340229E-11  3.9801423350E-13
           HessRho_EigVals = -2.2251671976E+05 -2.2251404008E+05 -2.2251289272E+05
           HessRho_EigVec1 = -1.6922905367E-02 -2.4646833487E-02  9.9955297452E-01
           HessRho_EigVec2 = -3.3828695746E-03  9.9969182319E-01  2.4592983613E-02
           HessRho_EigVec3 =  9.9985107464E-01  2.9651726113E-03  1.7001067143E-02
           DelSqRho = -6.6754365255E+05
           Bond Ellipticity = NA
           V = -1.6689589812E+05
           G =  4.9924887141E+00
           K =  1.6689090563E+05
           L =  1.6688591314E+05
           Vnuc =  2.2273363402E+06
           Ven = -2.6907990995E+08
           Vrep =  2.6891301405E+08
           DelSqV =  8.1702515764E+09
           DelSqVen =  1.4868442481E+12
           DelSqVrep = -1.4786739965E+12
           DelSqG =  3.0740356231E+08
           DelSqK = -8.4776551387E+09
           Stress_EigVals = -5.5632537736E+04 -5.5632134992E+04 -5.5631225388E+04
           Stress_EigVec1 =  9.9218148903E-01 -1.2405020366E-01  1.3690865658E-02
           Stress_EigVec2 =  1.2365541185E-01  9.9196686538E-01  2.6666029286E-02
           Stress_EigVec3 = -1.6888811454E-02 -2.4764591012E-02  9.9955064058E-01
           -DivStress =  2.5766130080E+03  6.7151583243E+03  2.2318194660E+02

CP# 7      Coords =  2.85783622834365E+00  3.55494105847532E+00  4.17175829264413E-02
           Type = (3,-3) NACP O7
           Rho =  2.9753270494E+02     Rho at Nucleus =  2.9753268292E+02
           GradRho = -9.4053869793E-11 -2.0368068989E-10  4.7955041359E-13
           HessRho_EigVals = -9.6896527107E+05 -9.6895934771E+05 -9.6894302416E+05
           HessRho_EigVec1 =  8.3968333999E-01 -5.4306619222E-01  3.3165359218E-03
           HessRho_EigVec2 = -1.8098490185E-02 -2.1879104582E-02  9.9959679343E-01
           HessRho_EigVec3 =  5.4277466153E-01  8.3940479844E-01  2.8200197762E-02
           DelSqRho = -2.9068676429E+06
           Bond Ellipticity = NA
           V = -7.2681440743E+05
           G =  4.8748346610E+01
           K =  7.2676565908E+05
           L =  7.2671691073E+05
           Vnuc =  1.1866475460E+06
           Ven = -3.5306645418E+08
           Vrep =  3.5233963977E+08
           DelSqV =  6.2543475821E+10
           DelSqVen =  3.4494273526E+12
           DelSqVrep = -3.3868838768E+12
           DelSqG =  2.3669767330E+09
           DelSqK = -6.4910452554E+10
           Stress_EigVals = -2.4227468818E+05 -2.4227058854E+05 -2.4226913071E+05
           Stress_EigVec1 =  5.5062583499E-01  8.3426975565E-01  2.8375423483E-02
           Stress_EigVec2 = -1.8255617661E-02 -2.1949546400E-02  9.9959239185E-01
           Stress_EigVec3 =  8.3455252817E-01 -5.5091940629E-01  3.1441223707E-03
           -DivStress = -1.0806244965E+05  8.5412491234E+04  2.2763785909E+02

CP# 8      Coords =  7.34096971317544E+00  3.32211542846438E+00  1.13084975167529E-01
           Type = (3,-3) NACP C8
           Rho =  1.2081881444E+02     Rho at Nucleus =  1.2081881441E+02
           GradRho =  1.9317429283E-11 -7.4830815767E-11 -2.7721181093E-12
           HessRho_EigVals = -2.2261734052E+05 -2.2261707437E+05 -2.2261705376E+05
           HessRho_EigVec1 =  8.9349847018E-01  4.4829192106E-01  2.6359766700E-02
           HessRho_EigVec2 =  1.5476077711E-03 -6.1772649219E-02  9.9808904649E-01
           HessRho_EigVec3 = -4.4906356866E-01  8.9175024156E-01  5.5887547637E-02
           DelSqRho = -6.6785146865E+05
           Bond Ellipticity = NA
           V = -1.6697388341E+05
           G =  5.5081235749E+00
           K =  1.6696837529E+05
           L =  1.6696286716E+05
           Vnuc =  1.1820093479E+07
           Ven = -1.4280896807E+09
           Vrep =  1.4279227068E+09
           DelSqV =  8.1742949466E+09
           DelSqVen =  7.8940649554E+12
           DelSqVrep = -7.8858906604E+12
           DelSqG =  3.0766284350E+08
           DelSqK = -8.4819577901E+09
           Stress_EigVals = -5.5658098945E+04 -5.5657981196E+04 -5.5657803268E+04
           Stress_EigVec1 = -6.0098817530E-01  7.9918176001E-01  1.1033024185E-02
           Stress_EigVec2 =  7.9909534394E-01  6.0053027723E-01  2.8460804829E-02
           Stress_EigVec3 = -1.6119691022E-02 -2.5921045418E-02  9.9953401891E-01
           -DivStress =  7.1593014881E+02  1.1454023117E+03  4.2176001540E+01

CP# 9      Coords =  9.36612977347106E+00  1.75121725107728E+00  1.05420190143388E-01
           Type = (3,-3) NACP C9
           Rho =  1.2089212963E+02     Rho at Nucleus =  1.2089212836E+02
           GradRho = -5.4077490546E-11 -1.2094061416E-11 -1.1971534103E-12
           HessRho_EigVals = -2.2271793908E+05 -2.2271626083E+05 -2.2271486142E+05
           HessRho_EigVec1 = -1.6193340041E-02 -2.5894879734E-02  9.9953350666E-01
           HessRho_EigVec2 =  3.0005578688E-01  9.5346346668E-01  2.9562517907E-02
           HessRho_EigVec3 =  9.5378420017E-01 -3.0039452875E-01  7.6698496178E-03
           DelSqRho = -6.6814906133E+05
           Bond Ellipticity = NA
           V = -1.6704765882E+05
           G =  5.1967454275E+00
           K =  1.6704246208E+05
           L =  1.6703726533E+05
           Vnuc =  1.7703774280E+06
           Ven = -2.1402469753E+08
           Vrep =  2.1385764987E+08
           DelSqV =  8.1777598730E+09
           DelSqVen =  1.1828760289E+12
           DelSqVrep = -1.1746982691E+12
           DelSqG =  3.0774815344E+08
           DelSqK = -8.4855080265E+09
           Stress_EigVals = -5.5683057604E+04 -5.5682625910E+04 -5.5681975310E+04
           Stress_EigVec1 =  9.3517014884E-01 -3.5414874773E-01  5.9545956693E-03
           Stress_EigVec2 =  3.5382869970E-01  9.3482928747E-01  2.9990907977E-02
           Stress_EigVec3 = -1.6187772930E-02 -2.5939695033E-02  9.9953243481E-01
           -DivStress = -2.0617370459E+03  8.8274238390E+03  1.9236821104E+02

CP# 10     Coords = -1.14528768724919E+01 -1.73006032098127E-01  1.21322254372385E-01
           Type = (3,-3) NACP C10
           Rho =  1.2061261532E+02     Rho at Nucleus =  1.2061261401E+02
           GradRho = -1.5478524537E-10  1.1345837573E-13 -5.2835838378E-13
           HessRho_EigVals = -2.2218333011E+05 -2.2218149734E+05 -2.2218147532E+05
           HessRho_EigVec1 =  9.2793208723E-01 -3.7217204921E-01 -2.0736616635E-02
           HessRho_EigVec2 =  2.5215937065E-01  5.8578996554E-01  7.7023747511E-01
           HessRho_EigVec3 = -2.7451355755E-01 -7.1995700015E-01  6.3741997510E-01
           DelSqRho = -6.6654630276E+05
           Bond Ellipticity = NA
           V = -1.6664712204E+05
           G =  5.2731755820E+00
           K =  1.6664184886E+05
           L =  1.6663657569E+05
           Vnuc =  1.7507759888E+06
           Ven = -2.1116567085E+08
           Vrep =  2.1099902373E+08
           DelSqV =  8.1582649474E+09
           DelSqVen =  1.1669732495E+12
           DelSqVrep = -1.1588149846E+12
           DelSqG =  3.0698319328E+08
           DelSqK = -8.4652481407E+09
           Stress_EigVals = -5.5549211705E+04 -5.5549204414E+04 -5.5548705922E+04
           Stress_EigVec1 =  3.2093983114E-01  8.2671320952E-01 -4.6210701574E-01
           Stress_EigVec2 =  1.8845992954E-01  4.2241578265E-01  8.8659334620E-01
           Stress_EigVec3 =  9.2815972750E-01 -3.7163177445E-01 -2.0232263267E-02
           -DivStress = -8.0764604561E+03  4.2784500393E+03  1.4058487268E+02

CP# 11     Coords = -8.94565544497504E+00 -1.29414085438264E+00  6.41978086819333E-02
           Type = (3,-3) NACP N11
           Rho =  1.9567655992E+02     Rho at Nucleus =  1.9567655989E+02
           GradRho = -3.6898961303E-10  6.5098348825E-11  8.2809435307E-12
           HessRho_EigVals = -4.9027478420E+05 -4.9027447680E+05 -4.9026722966E+05
           HessRho_EigVec1 =  9.9411686116E-01 -1.0548833234E-01 -2.4573931426E-02
           HessRho_EigVec2 =  1.0529811230E-01  9.9440074977E-01 -8.9138317960E-03
           HessRho_EigVec3 =  2.5376641086E-02  6.2738018950E-03  9.9965827436E-01
           DelSqRho = -1.4708164907E+06
           Bond Ellipticity = NA
           V = -3.6774084806E+05
           G =  1.8362699742E+01
           K =  3.6772248536E+05
           L =  3.6770412266E+05
           Vnuc =  2.3272415528E+07
           Ven = -4.5538662115E+09
           Vrep =  4.5534984707E+09
           DelSqV =  2.4435021875E+10
           DelSqVen =  3.4229438120E+13
           DelSqVrep = -3.4205003098E+13
           DelSqG =  9.2138710666E+08
           DelSqK = -2.5356408982E+10
           Stress_EigVals = -1.2258124569E+05 -1.2257982479E+05 -1.2257977758E+05
           Stress_EigVec1 =  2.5612373016E-02  6.3179771265E-03  9.9965198420E-01
           Stress_EigVec2 = -3.3318572394E-01  9.4285769299E-01  2.5776207603E-03
           Stress_EigVec3 =  9.4251327827E-01  3.3313578903E-01 -2.6253882717E-02
           -DivStress = -3.5393035974E+02 -2.3542954302E+03 -2.5928023193E+02

CP# 12     Coords = -8.32181064825203E+00 -3.84143862102848E+00  6.96553059257566E-02
           Type = (3,-3) NACP C12
           Rho =  1.2077803939E+02     Rho at Nucleus =  1.2077803868E+02
           GradRho = -7.4520721083E-11 -3.0320753842E-12 -5.2458840223E-13
           HessRho_EigVals = -2.2247268796E+05 -2.2247263174E+05 -2.2247123008E+05
           HessRho_EigVec1 =  3.2949071463E-02 -2.7742768840E-02  9.9907191807E-01
           HessRho_EigVec2 = -3.2823227289E-01  9.4387074889E-01  3.7034908047E-02
           HessRho_EigVec3 =  9.4402221040E-01  3.2914791228E-01 -2.1993592684E-02
           DelSqRho = -6.6741654978E+05
           Bond Ellipticity = NA
           V = -1.6686462674E+05
           G =  5.2446451709E+00
           K =  1.6685938209E+05
           L =  1.6685413744E+05
           Vnuc =  2.3679178206E+06
           Ven = -2.8599247181E+08
           Vrep =  2.8582560719E+08
           DelSqV =  8.1687614172E+09
           DelSqVen =  1.5803875574E+12
           DelSqVrep = -1.5722187960E+12
           DelSqG =  3.0736359525E+08
           DelSqK = -8.4761250124E+09
           Stress_EigVals = -5.5621932188E+04 -5.5621461488E+04 -5.5621233059E+04
           Stress_EigVec1 =  9.5786485161E-01  2.8633587067E-01 -2.2509891467E-02
           Stress_EigVec2 = -2.8636146027E-01  9.5811925336E-01  2.1471877183E-03
           Stress_EigVec3 =  2.2181977271E-02  4.3892497460E-03  9.9974431450E-01
           -DivStress =  2.6559960447E+03 -6.2199373335E+03 -1.3349829850E+00

CP# 13     Coords = -5.88481531089546E+00 -4.26198421404055E+00  1.86875346552860E-02
           Type = (3,-3) NACP N13
           Rho =  1.9621236682E+02     Rho at Nucleus =  1.9621234814E+02
           GradRho =  8.6262176438E-11 -3.8285171860E-11  3.0001999149E-13
           HessRho_EigVals = -4.9159256346E+05 -4.9159209465E+05 -4.9158271881E+05
           HessRho_EigVec1 =  8.3683414289E-03 -1.4086953037E-03  9.9996399257E-01
           HessRho_EigVec2 =  8.7158395275E-01  4.9020180370E-01 -6.6034048935E-03
           HessRho_EigVec3 = -4.9017485061E-01  8.7160782880E-01  5.3299722834E-03
           DelSqRho = -1.4747673769E+06
           Bond Ellipticity = NA
           V = -3.6872614571E+05
           G =  1.7150740521E+01
           K =  3.6870899497E+05
           L =  3.6869184423E+05
           Vnuc =  8.0286793365E+05
           Ven = -1.5753261751E+08
           Vrep =  1.5716389136E+08
           DelSqV =  2.4499774768E+10
           DelSqVen =  1.1840434376E+12
           DelSqVrep = -1.1595436628E+12
           DelSqG =  9.2380694363E+08
           DelSqK = -2.5423581712E+10
           Stress_EigVals = -1.2291011393E+05 -1.2290824594E+05 -1.2290778584E+05
           Stress_EigVec1 = -5.0831273848E-01  8.6115286709E-01  5.8223194144E-03
           Stress_EigVec2 =  8.6096536616E-01  5.0832712752E-01 -1.8497829802E-02
           Stress_EigVec3 =  1.8889102072E-02  4.3898671560E-03  9.9981194776E-01
           -DivStress =  3.2353721725E+04 -6.1836613863E+04 -2.6374541284E+02

CP# 14     Coords = -4.81757868172477E+00 -1.88007605576971E+00 -2.34363819562907E-02
           Type = (3,-3) NACP C14
           Rho =  1.2077922899E+02     Rho at Nucleus =  1.2077922891E+02
           GradRho =  2.5167226461E-10 -4.2969381081E-10  7.3698946251E-13
           HessRho_EigVals = -2.2254480723E+05 -2.2254435240E+05 -2.2254371942E+05
           HessRho_EigVec1 =  2.5900496749E-01  9.6578007838E-01 -1.3611282770E-02
           HessRho_EigVec2 =  9.6572555712E-01 -2.5918761880E-01 -1.3997377714E-02
           HessRho_EigVec3 =  1.7046264516E-02  9.5193732764E-03  9.9980938503E-01
           DelSqRho = -6.6763287905E+05
           Bond Ellipticity = NA
           V = -1.6691933234E+05
           G =  5.5562869461E+00
           K =  1.6691377605E+05
           L =  1.6690821976E+05
           Vnuc =  7.3509354958E+06
           Ven = -8.8784032151E+08
           Vrep =  8.8767340218E+08
           DelSqV =  8.1716483037E+09
           DelSqVen =  4.9077260124E+12
           DelSqVrep = -4.8995543641E+12
           DelSqG =  3.0756232222E+08
           DelSqK = -8.4792106259E+09
           Stress_EigVals = -5.5639870506E+04 -5.5639736611E+04 -5.5639725219E+04
           Stress_EigVec1 =  9.9970073887E-01  8.7620655229E-03 -2.2839853657E-02
           Stress_EigVec2 =  2.2262099535E-02  6.1169894597E-02  9.9787907229E-01
           Stress_EigVec3 = -1.0140593256E-02  9.9808890897E-01 -6.0956526850E-02
           -DivStress = -8.2465066016E+02  2.0237218847E+03 -4.0809736719E+00

CP# 15     Coords = -2.23117796284124E+00 -1.08162125992847E+00 -7.56117839321446E-02
           Type = (3,-3) NACP C15
           Rho =  1.2080172221E+02     Rho at Nucleus =  1.2080172099E+02
           GradRho = -3.9116251181E-11 -1.7155375746E-11 -5.7140175837E-13
           HessRho_EigVals = -2.2250645362E+05 -2.2250431894E+05 -2.2250281241E+05
           HessRho_EigVec1 =  1.4838011733E-02  1.2358053181E-02  9.9981353858E-01
           HessRho_EigVec2 =  5.8394146684E-02  9.9820626969E-01 -1.3204801386E-02
           HessRho_EigVec3 =  9.9818332837E-01 -5.8579191427E-02 -1.4089758371E-02
           DelSqRho = -6.6751358497E+05
           Bond Ellipticity = NA
           V = -1.6688837800E+05
           G =  4.9908794398E+00
           K =  1.6688338712E+05
           L =  1.6687839624E+05
           Vnuc =  1.8155761029E+06
           Ven = -2.1932472002E+08
           Vrep =  2.1915783164E+08
           DelSqV =  8.1698906871E+09
           DelSqVen =  1.2119217152E+12
           DelSqVrep = -1.2037518245E+12
           DelSqG =  3.0739158841E+08
           DelSqK = -8.4772822755E+09
           Stress_EigVals = -5.5630079238E+04 -5.5629517378E+04 -5.5628781385E+04
           Stress_EigVec1 =  9.8966554257E-01 -1.4278821269E-01 -1.3177259646E-02
           Stress_EigVec2 =  1.4260152351E-01  9.8967881645E-01 -1.4164948029E-02
           Stress_EigVec3 =  1.5063842342E-02  1.2139463675E-02  9.9981283952E-01
           -DivStress = -2.4108441657E+03 -8.4859617409E+03  1.6557390400E+02

CP# 16     Coords = -2.70680285776178E-01 -2.36018031945853E+00 -8.90249600478042E-02
           Type = (3,-3) NACP O16
           Rho =  2.9755303297E+02     Rho at Nucleus =  2.9755300935E+02
           GradRho =  9.2100578364E-12 -1.3214729864E-10 -2.4493319699E-12
           HessRho_EigVals = -9.6902950109E+05 -9.6902340015E+05 -9.6900783190E+05
           HessRho_EigVec1 =  8.5945430257E-01 -5.1120622231E-01 -2.5495242732E-03
           HessRho_EigVec2 =  1.2327619280E-02  1.5739266019E-02  9.9980013268E-01
           HessRho_EigVec3 =  5.1106392125E-01  8.5931395530E-01 -1.9829135582E-02
           DelSqRho = -2.9070607331E+06
           Bond Ellipticity = NA
           V = -7.2686252087E+05
           G =  4.8668794410E+01
           K =  7.2681385208E+05
           L =  7.2676518328E+05
