AIMSum (Version 11.12.19, Professional)
Copyright (c) 1997-2011 by Todd A. Keith
AIMSum is a component of the AIMAll package ( http://aim.tkgristmill.com )

Much of the Quantum Theory of Atoms in Molecules (QTAIM) is described in the book:
  "Atoms in Molecules - A Quantum Theory"
  R.F.W. Bader, Oxford University Press, Oxford, 1990

For additional references see:  http://aim.tkgristmill.com/references.html

Wfx File:  /home4/vemuri/FCHK/CHK-Neutral/GGWHC/chk-Mp2-spe-fopt-GGWHC-neut-step71.wfx
Sum File:  /home4/vemuri/FCHK/CHK-Neutral/GGWHC/chk-Mp2-spe-fopt-GGWHC-neut-step71.sum

SumViz File:  /home4/vemuri/FCHK/CHK-Neutral/GGWHC/chk-Mp2-spe-fopt-GGWHC-neut-step71.sumviz

Wfx Title:  CHK-Mp2-Spe-GGWHC-Neut-from-fopt-71                                            
 
Total memory allocated for AIMSum =       26.609 Megabytes

Atomic units (a.u.) used throughout, except where stated otherwise

Restricted, closed-shell, single-determinant wavefunction.
  Number of electrons (from MO Occs)                   =         172.0000000000
  Number of Alpha electrons (from MO Occs)             =          86.0000000000
  Number of Beta electrons (from MO Occs)              =          86.0000000000
  Number of electron pairs (N*(N-1)/2)                 =       14706.0000000000
  Number of electron pairs (from Muller 2EDM)          =       14706.0000000000
 
Nuclear Charges and Cartesian Coordinates:
-------------------------------------------------------------------------------
Atom      Charge                X                  Y                  Z
-------------------------------------------------------------------------------
C1         6.0           1.1530995500E+01   3.0572197200E+00  -5.5064351800E-01
N2         7.0           9.9722019700E+00   8.1572485200E-01  -8.3002818900E-01
C3         6.0           1.0638576100E+01  -1.4851830100E+00  -1.8940573900E+00
N4         7.0           8.7997251700E+00  -3.1420646500E+00  -1.8857973900E+00
C5         6.0           6.8017952100E+00  -1.8920202600E+00  -7.6046359000E-01
C6         6.0           4.2728711000E+00  -2.7245655600E+00  -1.9471171200E-01
O7         8.0           3.2444745800E+00  -4.7613615200E+00  -6.0061543600E-01
N8         7.0           2.8950207500E+00  -7.5244926200E-01   1.0323082500E+00
C9         6.0           3.7660919000E+00   1.6345715300E+00   1.5398905800E+00
N10        7.0           2.1326617700E+00   3.2533751900E+00   2.7256030200E+00
N11        7.0           6.0806927200E+00   2.4008687100E+00   1.0016890200E+00
C12        6.0           7.4953152500E+00   5.6691595000E-01  -9.5143931300E-02
C13        6.0          -9.3940327000E+00   4.6674931600E+00  -2.6208025900E+00
N14        7.0          -7.3304026300E+00   3.5382892000E+00  -1.1919031800E+00
C15        6.0          -5.2110010700E+00   4.7325167400E+00  -2.3381959400E-01
N16        7.0          -3.6739696400E+00   3.1946481700E+00   9.6052889600E-01
C17        6.0          -4.8280064900E+00   8.6302280700E-01   7.8266409300E-01
C18        6.0          -4.0496528700E+00  -1.5488176500E+00   1.7262610400E+00
O19        8.0          -2.1594202900E+00  -2.1315260400E+00   2.9421864300E+00
N20        7.0          -5.8480069600E+00  -3.4379636400E+00   1.0771949200E+00
C21        6.0          -8.0273109500E+00  -3.0604662700E+00  -2.8577761400E-01
N22        7.0          -9.5479319900E+00  -5.1228037700E+00  -6.6376441400E-01
N23        7.0          -8.7382089100E+00  -8.3811054700E-01  -1.1430877800E+00
C24        6.0          -7.0951789700E+00   1.0370193400E+00  -5.4868009300E-01
H25        1.0           1.1601363200E+01   3.6405044800E+00   1.4300294600E+00
H26        1.0           1.2519987400E+01  -1.7988794400E+00  -2.6318404800E+00
H27        1.0           2.7860289100E+00   5.0441514800E+00   2.8226366800E+00
H28        1.0          -4.9221337500E+00   6.7401164300E+00  -4.8659503100E-01
H29        1.0          -8.7591092800E+00  -6.8602123100E+00  -7.0608483100E-01
H30        1.0           1.3440329400E+01   2.6203471700E+00  -1.1990747000E+00
H31        1.0           1.0771457900E+01   4.6190575900E+00  -1.6723074700E+00
H32        1.0          -9.0772238900E+00   6.7011654000E+00  -2.7418263200E+00
H33        1.0          -9.4693269500E+00   3.8723190800E+00  -4.5256370900E+00
H34        1.0          -1.1193573500E+01   4.3113875000E+00  -1.6733373700E+00
H35        1.0          -1.0964268500E+01  -4.8396585500E+00  -1.9128431500E+00
H36        1.0           2.4395041600E-01   3.0893639700E+00   2.3951201600E+00
H37        1.0           1.1454688300E+00  -1.2638677300E+00   1.6777952400E+00
H38        1.0          -5.3986168600E+00  -5.1855181100E+00   1.7239026600E+00
 
Some Atomic Properties:
----------------------
  q(A) = Net Charge of Atom A
  L(A) = Lagrangian of Atom A = -(1/4) Times Atomic Integral of the Laplacian of the Electron Density
  K(A) = Electronic Kinetic Energy of Atom A (Hamiltonian Form)
  K_Scaled(A) = K(A) * E(Mol)/K(Mol) = Approximation to Virial-Based Total Energy of Atom A.
  |Mu_Intra(A)| = Magnitude of Intraatomic Dipole Moment of Atom A
--------------------------------------------------------------------------------------------------
Atom A          q(A)              L(A)              K(A)          K_Scaled(A)      |Mu_Intra(A)|
--------------------------------------------------------------------------------------------------
C1        6.9180781430E-01 -1.4341738857E-04  3.7341055799E+01 -3.7404577705E+01  5.2308339437E-01
N2       -1.5737420012E+00  8.0547374419E-05  5.5383867244E+01 -5.5478082278E+01  1.6766723416E-01
C3        1.3526100150E+00 -1.6837427373E-04  3.6940764507E+01 -3.7003605467E+01  7.4123788396E-01
N4       -1.4149568177E+00  1.3199475299E-04  5.5087975503E+01 -5.5181687187E+01  2.7843171792E-01
C5        5.2605801960E-01  2.3978103448E-04  3.7570552899E+01 -3.7634465209E+01  5.6661883596E-01
C6        1.6366460967E+00 -6.2031575060E-04  3.6727615141E+01 -3.6790093507E+01  8.2798875025E-01
O7       -1.3557993093E+00  4.8199351698E-05  7.5487412698E+01 -7.5615826431E+01  5.8041341485E-01
N8       -1.5255287311E+00  7.7304228253E-05  5.5268738391E+01 -5.5362757576E+01  8.7644275013E-02
C9        1.9081175015E+00 -1.6645097369E-04  3.6645953607E+01 -3.6708293056E+01  5.5640426265E-02
N10      -1.4085529353E+00  2.9858897812E-06  5.5077196494E+01 -5.5170889842E+01  6.7833674943E-02
N11      -1.4409130987E+00 -2.4719050325E-05  5.5102957612E+01 -5.5196694782E+01  7.4138132451E-02
C12       1.1064949781E+00  7.6486506613E-05  3.7212194620E+01 -3.7275497317E+01  7.9230332105E-01
C13       6.7189208250E-01  4.7261188495E-05  3.7354076969E+01 -3.7417621026E+01  5.2831398355E-01
N14      -1.5690570844E+00  1.5602067839E-04  5.5380163481E+01 -5.5474372214E+01  1.7103045527E-01
C15       1.3619984504E+00 -2.5819126422E-04  3.6937008047E+01 -3.6999842617E+01  7.5940967533E-01
N16      -1.4399657679E+00  1.6645823829E-04  5.5111678461E+01 -5.5205430467E+01  2.7292533993E-01
C17       5.3496066560E-01 -1.3832917508E-04  3.7584721110E+01 -3.7648657522E+01  5.6418093801E-01
C18       1.6339832679E+00  4.2679472125E-04  3.6740936572E+01 -3.6803437599E+01  8.4360659936E-01
O19      -1.3581639391E+00  5.2134184663E-05  7.5511448718E+01 -7.5639903339E+01  5.9508992296E-01
N20      -1.4940434538E+00  2.0820232150E-04  5.5257123342E+01 -5.5351122768E+01  1.2596668694E-01
C21       1.9270059648E+00  9.2926961151E-05  3.6627639129E+01 -3.6689947422E+01  6.2187143355E-02
N22      -1.3852953829E+00  9.8219253174E-07  5.5066526799E+01 -5.5160201996E+01  7.3212828236E-02
N23      -1.4300670224E+00  3.4644229090E-05  5.5112493512E+01 -5.5206246905E+01  8.3588527875E-02
C24       1.1288394255E+00  1.4791161577E-04  3.7201585134E+01 -3.7264869783E+01  7.7589711107E-01
H25      -2.8634597200E-02  4.0163391263E-05  6.3264931342E-01 -6.3372553073E-01  1.0236408164E-01
H26       9.9432503300E-03  2.8085843601E-05  6.1342735409E-01 -6.1447087239E-01  1.0183666074E-01
H27       4.7189689350E-01  2.8363132030E-05  4.0586814253E-01 -4.0655857610E-01  1.7669878178E-01
H28       3.5930792970E-02  2.8502486839E-05  6.0303194820E-01 -6.0405778259E-01  1.0033784058E-01
H29       4.8140158788E-01  1.7840644139E-05  3.9982781757E-01 -4.0050797577E-01  1.7238339242E-01
H30      -4.8938910600E-02  4.5931481417E-05  6.4084820798E-01 -6.4193837265E-01  9.7571820817E-02
H31      -3.7302412700E-02  3.4545022172E-05  6.3619052518E-01 -6.3727276654E-01  1.0268778840E-01
H32      -3.5128607000E-02  4.5249542090E-05  6.3525618301E-01 -6.3633683494E-01  9.6473419543E-02
H33      -2.1368560900E-02  3.3853713928E-05  6.2979749990E-01 -6.3086886591E-01  1.0016677465E-01
H34      -1.8557552300E-02  3.6627383487E-05  6.2862193521E-01 -6.2969130143E-01  1.0007181074E-01
H35       4.9869974610E-01  2.6948282043E-05  3.9105562891E-01 -3.9172086450E-01  1.6730610040E-01
H36       5.3571605623E-01  1.8067203927E-05  3.7040313698E-01 -3.7103324004E-01  1.4095920735E-01
H37       5.6605290306E-01  2.8180950200E-05  3.6023830423E-01 -3.6085111561E-01  1.2062851656E-01
H38       5.0662648427E-01  2.9322765634E-05  3.8862715443E-01 -3.8928825887E-01  1.6225390181E-01
--------------------------------------------------------------------------------------------------
Total     6.6581174000E-04  9.1251943592E-04  1.1550675289E+03 -1.1570324464E+03
 
Molecular charge q(Mol) from the wfx file:   0.0000000000E+00
Molecular energy E(Mol) from the wfx file:  -1.1570323435E+03
Molecular virial ratio (-V(Mol)/T(Mol)) from the wfx file:   2.0017011278E+00
Note.  K_Scaled(A) = (1+V(Mol)/T(Mol))*K(A) = E(Mol)/T(Mol)*K(A)
       Use K_Scaled(A) with caution.
 
Some Information About the Atomic Calculations:
----------------------------------------------
  Time(sec) = "Elapsed User Time", in Seconds, for Atom A by AIMInt
  NProc = Number of Processors Used for AIMInt Job
  BIM = Basin Integration Method
  OAQ = Angular Quadrature Outside of Beta Sphere
  ORQ = Multiple of Default for Radial Quadrature Outside of Beta Sphere
  IAQ = Multiple of Default for Angular Quadrature Inside of Beta Sphere
  IRQ = Multiple of Default for Radial Quadrature Inside of Beta Sphere
  MIR = Maximum Integration Radius
------------------------------------------------------------------------------------------------------
Atom A     Time(sec)   NProc      BIM              OAQ                 ORQ      IAQ      IRQ      MIR
------------------------------------------------------------------------------------------------------
C1            162        1     Proaim(5)    120*80    (High)           1.00     1.00     1.00    10.00
N2            232        1     Proaim(5)    120*80    (High)           1.00     1.00     1.00    10.00
C3            177        1     Proaim(5)    120*80    (High)           1.00     1.00     1.00    10.00
N4            236        1     Proaim(5)    120*80    (High)           1.00     1.00     1.00    10.00
C5            239        1     Proaim(5)    120*80    (High)           1.00     1.00     1.00    10.00
C6            244        1     Proaim(5)    120*80    (High)           1.00     1.00     1.00    10.00
O7            220        1     Proaim(5)    96*64     (High)           1.00     1.00     1.00    10.00
N8            418        1     Proaim(5)    120*80    (High)           1.00     1.00     1.00    10.00
C9            201        1     Proaim(5)    120*80    (High)           1.00     1.00     1.00    10.00
N10           316        1     Proaim(5)    120*80    (High)           1.00     1.00     1.00    10.00
N11           256        1     Proaim(5)    120*80    (High)           1.00     1.00     1.00    10.00
C12           217        1     Proaim(5)    120*80    (High)           1.00     1.00     1.00    10.00
C13           161        1     Proaim(5)    120*80    (High)           1.00     1.00     1.00    10.00
N14           250        1     Proaim(5)    120*80    (High)           1.00     1.00     1.00    10.00
C15           182        1     Proaim(5)    120*80    (High)           1.00     1.00     1.00    10.00
N16           347        1     Proaim(5)    120*80    (High)           1.00     1.00     1.00    10.00
C17           270        1     Proaim(5)    120*80    (High)           1.00     1.00     1.00    10.00
C18           217        1     Proaim(5)    120*80    (High)           1.00     1.00     1.00    10.00
O19           305        1     Proaim(5)    120*80    (High)           1.00     1.00     1.00    10.00
N20           249        1     Proaim(5)    120*80    (High)           1.00     1.00     1.00    10.00
C21           143        1     Proaim(5)    120*80    (High)           1.00     1.00     1.00    10.00
N22           218        1     Proaim(5)    120*80    (High)           1.00     1.00     1.00    10.00
N23           245        1     Proaim(5)    120*80    (High)           1.00     1.00     1.00    10.00
C24           207        1     Proaim(5)    120*80    (High)           1.00     1.00     1.00    10.00
H25            61        1     Proaim(5)    72*48     (High)           1.00     1.00     1.00    10.00
H26            53        1     Proaim(5)    72*48     (High)           1.00     1.00     1.00    10.00
H27            44        1     Proaim(5)    72*48     (High)           1.00     1.00     1.00    10.00
H28            66        1     Proaim(5)    72*48     (High)           1.00     1.00     1.00    10.00
H29            35        1     Proaim(5)    72*48     (High)           1.00     1.00     1.00    10.00
H30            51        1     Proaim(5)    72*48     (High)           1.00     1.00     1.00    10.00
H31            60        1     Proaim(5)    72*48     (High)           1.00     1.00     1.00    10.00
H32            54        1     Proaim(5)    72*48     (High)           1.00     1.00     1.00    10.00
H33            60        1     Proaim(5)    72*48     (High)           1.00     1.00     1.00    10.00
H34            57        1     Proaim(5)    72*48     (High)           1.00     1.00     1.00    10.00
H35            41        1     Proaim(5)    72*48     (High)           1.00     1.00     1.00    10.00
H36           132        1     Proaim(5)    120*80    (High)           1.00     1.00     1.00    10.00
H37           156        1     Proaim(5)    120*80    (High)           1.00     1.00     1.00    10.00
H38            44        1     Proaim(5)    72*48     (High)           1.00     1.00     1.00    10.00
------------------------------------------------------------------------------------------------------
Total        6626
Note:  Total wall clock time is less than Total of atomic times if more than one atom
       was calculated at a time
 
Electron Density Critical Point Analysis of Molecular Structure:               
---------------------------------------------------------------                
  NACP = Nuclear Attractor Critical Point                                      
  NNACP = Non-Nuclear Attractor Critical Point                                 
  BCP = Bond Critical Point                                                    
  RCP = Ring Critical Point                                                    
  CCP = Cage Critical Point                                                    
  Rho = Electron Density                                                       
  GradRho = Gradient of Electron Density                                       
  HessRho_EigVals = Eigenvalues of the Hessian of Rho, Ascending Order         
  HessRho_EigVecs = Eigenvectors of the Hessian of Rho                         
  DelSqRho = Laplacian of Rho = Trace of Hessian of Rho                        
  Bond Ellipticity = (HessRho_EigVal(1) / HessRho_EigVal(2)) - 1               
  V = Virial Field = Potential Energy Density = Trace of Stress Tensor         
  G = Lagrangian Form of Kinetic Energy Density                                
  K = Hamiltonian Form of Kinetic Energy Density                               
  L = K - G = Lagrangian Density = (-1/4)DelSqRho                              
  Vnuc = Electrostatic Potential from Nuclei                                   
  Ven = Electron-nuclear attractive contribution to Virial Field V             
  Vrep = V - Ven = Repulsive contribution to Virial Field V                    
  DelSqV = Laplacian of V                                                      
  DelSqVen = Laplacian of Ven                                                  
  DelSqVrep = Laplacian of Vrep                                                
  DelSqG = Laplacian of G                                                      
  DelSqK = Laplacian of K                                                      
  Stress_EigVals = Eigenvalues of Stress Tensor, Ascending Order               
  Stress_EigVecs = Eigenvectors of Stress Tensor                               
  -DivStress = Ehrenfest Force Density = Minus Divergence of Stress Tensor     
  BP = Bond Path                                                               
  BPL = Bond Path Length                                                       
  GBL = Geometric Bond Length                                                  
  GBL_I = Distance Between Nuclear Attractors                                  
  GBL_II = Distance Between Nuclei                                             
  GBL_III = Sum of Distances Between BCP and Nuclear Attractors                
  GBL_IV = Sum of Distances Between BCP and Nuclei                             

CP# 1      Coords =  1.15309937987180E+01  3.05721690619930E+00 -5.50643983915246E-01
           Type = (3,-3) NACP C1
           Rho =  1.2061005518E+02     Rho at Nucleus =  1.2061005395E+02
           GradRho = -4.0497734092E-11  3.1622740704E-11  1.1290447811E-11
           HessRho_EigVals = -2.2217763813E+05 -2.2217587142E+05 -2.2217583830E+05
           HessRho_EigVec1 =  5.9956561523E-01  7.9587291539E-01  8.4305252381E-02
           HessRho_EigVec2 =  7.2283853077E-01 -5.8372100922E-01  3.6983001747E-01
           HessRho_EigVec3 = -3.4354844121E-01  1.6079827719E-01  9.2526665486E-01
           DelSqRho = -6.6652934785E+05
           Bond Ellipticity = NA
           V = -1.6664288148E+05
           G =  5.2722578938E+00
           K =  1.6663760922E+05
           L =  1.6663233696E+05
           Vnuc =  1.8067136144E+06
           Ven = -2.1790782872E+08
           Vrep =  2.1774118584E+08
           DelSqV =  8.1580560195E+09
           DelSqVen =  1.2042276495E+12
           DelSqVrep = -1.1960695935E+12
           DelSqG =  3.0697408699E+08
           DelSqK = -8.4650301065E+09
           Stress_EigVals = -5.5547793206E+04 -5.5547783410E+04 -5.5547304863E+04
           Stress_EigVec1 = -4.5653498183E-01  2.5416076788E-01  8.5263011584E-01
           Stress_EigVec2 =  6.5655987203E-01 -5.5048918569E-01  5.1564599376E-01
           Stress_EigVec3 =  6.0042063989E-01  7.9521315414E-01  8.4445809155E-02
           -DivStress =  4.5403765662E+03  7.5035911470E+03  1.2410462592E+03

CP# 2      Coords =  9.97220187182966E+00  8.15725125418186E-01 -8.30028118572992E-01
           Type = (3,-3) NACP N2
           Rho =  1.9567377561E+02     Rho at Nucleus =  1.9567377559E+02
           GradRho = -3.9600324784E-10  8.7053020920E-11  3.1914788683E-11
           HessRho_EigVals = -4.9026676684E+05 -4.9026638255E+05 -4.9025912497E+05
           HessRho_EigVec1 =  7.0015522511E-01  7.1368346758E-01  2.0942035778E-02
           HessRho_EigVec2 = -6.4655582498E-01  6.2131111315E-01  4.4264891941E-01
           HessRho_EigVec3 =  3.0289969616E-01 -3.2346314903E-01  8.9645042545E-01
           DelSqRho = -1.4707922744E+06
           Bond Ellipticity = NA
           V = -3.6773479485E+05
           G =  1.8363130418E+01
           K =  3.6771643172E+05
           L =  3.6769806859E+05
           Vnuc =  2.3417434212E+07
           Ven = -4.5821777675E+09
           Vrep =  4.5818100327E+09
           DelSqV =  2.4434617983E+10
           DelSqVen =  3.4442181607E+13
           DelSqVrep = -3.4417746989E+13
           DelSqG =  9.2136988691E+08
           DelSqK = -2.5355987870E+10
           Stress_EigVals = -1.2257923641E+05 -1.2257780359E+05 -1.2257775485E+05
           Stress_EigVec1 =  3.0336569794E-01 -3.2341277814E-01  8.9631101089E-01
           Stress_EigVec2 =  4.3569599490E-01 -7.8946949503E-01 -4.3232732558E-01
           Stress_EigVec3 = -8.4743038259E-01 -5.2167239849E-01  9.8588312226E-02
           -DivStress =  7.7714317270E+02 -2.1816634043E+03 -5.5959653489E+02

CP# 3      Coords =  1.06385759229632E+01 -1.48518069395649E+00 -1.89405648035127E+00
           Type = (3,-3) NACP C3
           Rho =  1.2077343776E+02     Rho at Nucleus =  1.2077343706E+02
           GradRho =  9.7094188917E-11 -2.8822586678E-12  2.4331335774E-11
           HessRho_EigVals = -2.2246554042E+05 -2.2246551858E+05 -2.2246416615E+05
           HessRho_EigVec1 = -1.0608494561E-01  8.1454057278E-01  5.7032415310E-01
           HessRho_EigVec2 =  3.2749030039E-01 -5.1294011034E-01  7.9350018674E-01
           HessRho_EigVec3 =  9.3888023063E-01  2.7095405237E-01 -2.1233891315E-01
           DelSqRho = -6.6739522515E+05
           Bond Ellipticity = NA
           V = -1.6685930700E+05
           G =  5.2503580636E+00
           K =  1.6685405665E+05
           L =  1.6684880629E+05
           Vnuc =  2.4052488932E+06
           Ven = -2.9049017748E+08
           Vrep =  2.9032331818E+08
           DelSqV =  8.1685079082E+09
           DelSqVen =  1.6052517069E+12
           DelSqVrep = -1.5970831990E+12
           DelSqG =  3.0735571864E+08
           DelSqK = -8.4758636269E+09
           Stress_EigVals = -5.5620147123E+04 -5.5619684691E+04 -5.5619475190E+04
           Stress_EigVec1 =  9.3042925850E-01  3.0965211307E-01 -1.9600245866E-01
           Stress_EigVec2 = -2.1518374041E-01  8.9454995112E-01  3.9176056823E-01
           Stress_EigVec3 =  2.9664347758E-01 -3.2232895282E-01  8.9894754763E-01
           -DivStress =  4.8154149432E+02 -6.1803732371E+03 -2.4306737851E+03

CP# 4      Coords =  8.79972501143052E+00 -3.14205656335453E+00 -1.88579439321710E+00
           Type = (3,-3) NACP N4
           Rho =  1.9620692688E+02     Rho at Nucleus =  1.9620690859E+02
           GradRho = -1.1345584333E-10 -6.6804191682E-11  1.5942151462E-11
           HessRho_EigVals = -4.9157721646E+05 -4.9157663417E+05 -4.9156731504E+05
           HessRho_EigVec1 =  2.7761995053E-01 -3.2709789857E-01  9.0329072165E-01
           HessRho_EigVec2 =  9.6069056728E-01  9.5398283829E-02 -2.6071594001E-01
           HessRho_EigVec3 = -8.9274854566E-04  9.4016282217E-01  3.4072433257E-01
           DelSqRho = -1.4747211657E+06
           Bond Ellipticity = NA
           V = -3.6871458589E+05
           G =  1.7147237344E+01
           K =  3.6869743865E+05
           L =  3.6868029142E+05
           Vnuc =  8.1156582003E+05
           Ven = -1.5923483551E+08
           Vrep =  1.5886612092E+08
           DelSqV =  2.4499005652E+10
           DelSqVen =  1.1968332920E+12
           DelSqVrep = -1.1723342864E+12
           DelSqG =  9.2377465066E+08
           DelSqK = -2.5422780302E+10
           Stress_EigVals = -1.2290626457E+05 -1.2290440480E+05 -1.2290391652E+05
           Stress_EigVec1 =  1.6307286718E-02  9.4183645902E-01  3.3567567213E-01
           Stress_EigVec2 =  9.5604578062E-01  8.3612146777E-02 -2.8104354514E-01
           Stress_EigVec3 =  2.9276362095E-01 -3.2550436766E-01  8.9907528543E-01
           -DivStress =  1.2602831662E+03 -6.4727422857E+04 -2.3984118844E+04

CP# 5      Coords =  6.80179545254959E+00 -1.89202107962519E+00 -7.60463939454751E-01
           Type = (3,-3) NACP C5
           Rho =  1.2078185669E+02     Rho at Nucleus =  1.2078185659E+02
           GradRho =  1.4719777307E-10 -6.0147525242E-10 -2.4681598779E-10
           HessRho_EigVals = -2.2254943929E+05 -2.2254893143E+05 -2.2254834273E+05
           HessRho_EigVec1 =  6.6408140259E-01 -5.9668287859E-01 -4.5051685111E-01
           HessRho_EigVec2 =  6.8855752696E-01  7.2289608935E-01  5.7530653272E-02
           HessRho_EigVec3 =  2.9134931406E-01 -3.4841180577E-01  8.9091233620E-01
           DelSqRho = -6.6764671345E+05
           Bond Ellipticity = NA
           V = -1.6692277625E+05
           G =  5.5489442711E+00
           K =  1.6691722731E+05
           L =  1.6691167836E+05
           Vnuc =  6.4974966253E+06
           Ven = -7.8477970622E+08
           Vrep =  7.8461278344E+08
           DelSqV =  8.1718140820E+09
           DelSqVen =  4.3380319846E+12
           DelSqVrep = -4.3298601706E+12
           DelSqG =  3.0756837700E+08
           DelSqK = -8.4793824590E+09
           Stress_EigVals = -5.5641024833E+04 -5.5640883346E+04 -5.5640868072E+04
           Stress_EigVec1 =  8.0638660991E-01  5.8547461752E-01 -8.3427259268E-02
           Stress_EigVec2 = -4.1577921811E-01  4.6094528627E-01 -7.8400069187E-01
           Stress_EigVec3 = -4.2055710331E-01  6.6689498072E-01  6.1512828545E-01
           -DivStress = -6.4852589266E+02  2.1950367457E+03  9.3511253147E+02

CP# 6      Coords =  4.27286909871019E+00 -2.72456309937512E+00 -1.94710125116302E-01
           Type = (3,-3) NACP C6
           Rho =  1.2079530896E+02     Rho at Nucleus =  1.2079530756E+02
           GradRho =  3.7909659678E-11  4.4817158827E-11 -1.5560493432E-12
           HessRho_EigVals = -2.2248924147E+05 -2.2248735545E+05 -2.2248570180E+05
           HessRho_EigVec1 =  3.1745483745E-01 -3.3726252878E-01  8.8627107189E-01
           HessRho_EigVec2 = -5.5915695865E-01  6.8826929312E-01  4.6220003866E-01
           HessRho_EigVec3 =  7.6587591800E-01  6.4229227524E-01 -2.9911726707E-02
           DelSqRho = -6.6746229872E+05
           Bond Ellipticity = NA
           V = -1.6687554553E+05
           G =  4.9854229157E+00
           K =  1.6687056010E+05
           L =  1.6686557468E+05
           Vnuc =  1.6918094669E+06
           Ven = -2.0436264726E+08
           Vrep =  2.0419577172E+08
           DelSqV =  8.1692489116E+09
           DelSqVen =  1.1292190444E+12
           DelSqVrep = -1.1210497954E+12
           DelSqG =  3.0736068049E+08
           DelSqK = -8.4766095921E+09
           Stress_EigVals = -5.5625822764E+04 -5.5625189939E+04 -5.5624532824E+04
           Stress_EigVec1 =  7.2638011836E-01  6.8728997518E-01  2.1008718323E-03
           Stress_EigVec2 = -6.1036351771E-01  6.4366716889E-01  4.6168057349E-01
           Stress_EigVec3 =  3.1595616767E-01 -3.3663788514E-01  8.8704376126E-01
           -DivStress =  5.3550382133E+03 -6.5525215933E+03 -4.2346405901E+03

CP# 7      Coords =  3.24447757173537E+00 -4.76135507075343E+00 -6.00614062154937E-01
           Type = (3,-3) NACP O7
           Rho =  2.9760943233E+02     Rho at Nucleus =  2.9760940693E+02
           GradRho = -1.1815769516E-10  2.9091238381E-10 -4.4999743190E-11
           HessRho_EigVals = -9.6918637115E+05 -9.6918351571E+05 -9.6916471827E+05
           HessRho_EigVec1 =  4.5620184129E-01  8.6340840005E-01  2.1542008895E-01
           HessRho_EigVec2 =  2.8813058252E-01 -3.7235674794E-01  8.8223081996E-01
           HessRho_EigVec3 =  8.4193862450E-01 -3.4040620879E-01 -4.1864419929E-01
           DelSqRho = -2.9075346051E+06
           Bond Ellipticity = NA
           V = -7.2698072653E+05
           G =  4.8537622729E+01
           K =  7.2693218890E+05
           L =  7.2688365128E+05
           Vnuc =  1.1048550734E+06
           Ven = -3.2881529119E+08
           Vrep =  3.2808831047E+08
           DelSqV =  6.2557492693E+10
           DelSqVen =  3.2124043540E+12
           DelSqVrep = -3.1498468614E+12
           DelSqG =  2.3674495941E+09
           DelSqK = -6.4924942287E+10
           Stress_EigVals = -2.4233030188E+05 -2.4232559475E+05 -2.4232482990E+05
           Stress_EigVec1 =  8.4337731140E-01 -3.3746357414E-01 -4.1813041834E-01
           Stress_EigVec2 =  2.9039705643E-01 -3.6846898815E-01  8.8311955838E-01
           Stress_EigVec3 =  4.5208877473E-01  8.6622684148E-01  2.1275995598E-01
           -DivStress = -6.1139518068E+04 -1.3178058656E+05 -2.8068701411E+04

CP# 8      Coords =  2.89502162785577E+00 -7.52448094650226E-01  1.03230850080279E+00
           Type = (3,-3) NACP N8
           Rho =  1.9568625029E+02     Rho at Nucleus =  1.9568624975E+02
           GradRho =  4.9697230181E-09  6.5298671288E-09  1.4121269241E-09
           HessRho_EigVals = -4.9029984027E+05 -4.9029802807E+05 -4.9029131739E+05
           HessRho_EigVec1 =  1.0447081857E-01  9.5525277886E-01  2.7672726021E-01
           HessRho_EigVec2 =  9.1560628246E-01  1.6247409193E-02 -4.0174762875E-01
           HessRho_EigVec3 =  3.8826663980E-01 -2.9534412161E-01  8.7293806553E-01
           DelSqRho = -1.4708891857E+06
           Bond Ellipticity = NA
           V = -3.6775919596E+05
           G =  1.8449764202E+01
           K =  3.6774074620E+05
           L =  3.6772229643E+05
           Vnuc =  4.7234648146E+06
           Ven = -9.2431711796E+08
           Vrep =  9.2394935876E+08
           DelSqV =  2.4436220640E+10
           DelSqVen =  6.9476933304E+12
           DelSqVrep = -6.9232571098E+12
           DelSqG =  9.2143288778E+08
           DelSqK = -2.5357653528E+10
           Stress_EigVals = -1.2258740318E+05 -1.2258608965E+05 -1.2258570313E+05
           Stress_EigVec1 =  3.8784022706E-01 -2.9497491580E-01  8.7325240184E-01
           Stress_EigVec2 =  9.1577118856E-01  1.5792330136E-02 -4.0138975137E-01
           Stress_EigVec3 =  1.0460921789E-01  9.5537448226E-01  2.7625443015E-01
           -DivStress = -7.0151819573E+03 -9.3277121181E+03 -2.0007171275E+03

CP# 9      Coords =  3.76609022163196E+00  1.63457058394374E+00  1.53989112013162E+00
           Type = (3,-3) NACP C9
           Rho =  1.2073137739E+02     Rho at Nucleus =  1.2073137694E+02
           GradRho = -5.7655171696E-09 -3.2734367465E-09  1.8324996173E-09
           HessRho_EigVals = -2.2236008354E+05 -2.2235799259E+05 -2.2235715252E+05
           HessRho_EigVec1 =  2.8640027897E-01 -2.7028323917E-01  9.1919630702E-01
           HessRho_EigVec2 = -1.4435972113E-02  9.5805865201E-01  2.8620835420E-01
           HessRho_EigVec3 =  9.5800129589E-01  9.5239644740E-02 -2.7048646390E-01
           DelSqRho = -6.6707522865E+05
           Bond Ellipticity = NA
           V = -1.6677891708E+05
           G =  5.0549600037E+00
           K =  1.6677386212E+05
           L =  1.6676880716E+05
           Vnuc =  2.9986456198E+06
           Ven = -3.6203061597E+08
           Vrep =  3.6186383705E+08
           DelSqV =  8.1645208021E+09
           DelSqVen =  2.0003221504E+12
           DelSqVrep = -1.9921576296E+12
           DelSqG =  3.0716722112E+08
           DelSqK = -8.4716880232E+09
           Stress_EigVals = -5.5593422085E+04 -5.5593146150E+04 -5.5592348847E+04
           Stress_EigVec1 =  9.5624228641E-01  9.7547374138E-02 -2.7583545727E-01
           Stress_EigVec2 = -1.1484548431E-02  9.5457047165E-01  2.9776386583E-01
           Stress_EigVec3 =  2.9235046577E-01 -2.8156655421E-01  9.1392093789E-01
           -DivStress =  4.4765142203E+03  2.5237491691E+03 -1.4431160191E+03

CP# 10     Coords =  2.13266242442058E+00  3.25337580824579E+00  2.72559904198386E+00
           Type = (3,-3) NACP N10
           Rho =  1.9563085750E+02     Rho at Nucleus =  1.9563085343E+02
           GradRho =  3.4922099934E-11 -1.9309887023E-11 -8.8221707717E-11
           HessRho_EigVals = -4.9014039356E+05 -4.9013862576E+05 -4.9012977110E+05
           HessRho_EigVec1 = -4.7636213963E-01  8.2388151518E-01  3.0708038178E-01
           HessRho_EigVec2 = -8.7542525623E-01 -4.7696085887E-01 -7.8351514728E-02
           HessRho_EigVec3 =  8.1912957966E-02 -3.0614961710E-01  9.4845278178E-01
           DelSqRho = -1.4704087904E+06
           Bond Ellipticity = NA
           V = -3.6763893348E+05
           G =  1.8367937864E+01
           K =  3.6762056554E+05
           L =  3.6760219761E+05
           Vnuc =  1.7162908576E+06
           Ven = -3.3575945220E+08
           Vrep =  3.3539181327E+08
           DelSqV =  2.4428210180E+10
           DelSqVen =  2.5236491715E+12
           DelSqVrep = -2.4992209613E+12
           DelSqG =  9.2109029993E+08
           DelSqK = -2.5349300480E+10
           Stress_EigVals = -1.2254765915E+05 -1.2254584330E+05 -1.2254543103E+05
           Stress_EigVec1 =  9.1545160728E-02 -3.1225293951E-01  9.4557791076E-01
           Stress_EigVec2 =  8.9777791735E-01  4.3670614336E-01  5.7293590100E-02
           Stress_EigVec3 = -4.3082977458E-01  8.4367401650E-01  3.2031212781E-01
           -DivStress = -5.2142357798E+03 -4.9377221195E+03  3.1756882593E+04

CP# 11     Coords =  6.08069005767529E+00  2.40086078982170E+00  1.00168743044113E+00
           Type = (3,-3) NACP N11
           Rho =  1.9604295787E+02     Rho at Nucleus =  1.9604294010E+02
           GradRho = -1.5001364734E-10 -7.9588828583E-11 -3.7245831419E-11
           HessRho_EigVals = -4.9121988288E+05 -4.9121506023E+05 -4.9121102744E+05
           HessRho_EigVec1 =  8.9289709694E-01 -2.2430686246E-01 -3.9041158503E-01
           HessRho_EigVec2 =  3.1655770953E-01 -3.0388190550E-01  8.9858054956E-01
           HessRho_EigVec3 =  3.2019680013E-01  9.2592776120E-01  2.0032920462E-01
           DelSqRho = -1.4736459705E+06
           Bond Ellipticity = NA
           V = -3.6844686928E+05
           G =  1.7688322195E+01
           K =  3.6842918096E+05
           L =  3.6841149264E+05
           Vnuc =  8.2301845630E+05
           Ven = -1.6134697255E+08
           Vrep =  1.6097852569E+08
           DelSqV =  2.4481608324E+10
           DelSqVen =  1.2128378348E+12
           DelSqVrep = -1.1883562264E+12
           DelSqG =  9.2320404425E+08
           DelSqK = -2.5404812368E+10
           Stress_EigVals = -1.2281646150E+05 -1.2281560256E+05 -1.2281480522E+05
           Stress_EigVec1 =  3.2821803999E-01  9.2270957076E-01  2.0218794783E-01
           Stress_EigVec2 =  3.1716082155E-01 -3.0926850449E-01  8.9652774938E-01
           Stress_EigVec3 =  8.8976509906E-01 -2.3013048505E-01 -3.9415482789E-01
           -DivStress =  2.1299164826E+04  6.3361577161E+04  1.2717458539E+04

CP# 12     Coords =  7.49531757721652E+00  5.66918627104758E-01 -9.51438079768912E-02
           Type = (3,-3) NACP C12
           Rho =  1.2083002964E+02     Rho at Nucleus =  1.2083002824E+02
           GradRho = -8.4168188044E-11  3.9075517995E-12 -2.8121775741E-13
           HessRho_EigVals = -2.2260037298E+05 -2.2259943931E+05 -2.2259821110E+05
           HessRho_EigVec1 =  3.0868800991E-01 -3.2038010980E-01  8.9558265827E-01
           HessRho_EigVec2 =  9.4419554340E-01 -1.0546256504E-02 -3.2921657354E-01
           HessRho_EigVec3 =  1.1491948641E-01  9.4723036360E-01  2.9924596893E-01
           DelSqRho = -6.6779802339E+05
           Bond Ellipticity = NA
           V = -1.6696007050E+05
           G =  5.2823257694E+00
           K =  1.6695478817E+05
           L =  1.6694950585E+05
           Vnuc =  1.6904659517E+06
           Ven = -2.0425905105E+08
           Vrep =  2.0409209097E+08
           DelSqV =  8.1734998117E+09
           DelSqVen =  1.1288898355E+12
           DelSqVrep = -1.1207163357E+12
           DelSqG =  3.0758318978E+08
           DelSqK = -8.4810830014E+09
           Stress_EigVals = -5.5653759419E+04 -5.5653402066E+04 -5.5652909014E+04
           Stress_EigVec1 = -1.5427374332E-02  9.3984950857E-01  3.4124023410E-01
           Stress_EigVec2 =  9.5320009409E-01  1.1688488920E-01 -2.7883239285E-01
           Stress_EigVec3 =  3.0194631435E-01 -3.2096857155E-01  8.9766786694E-01
           -DivStress = -6.2180662017E+03 -7.1587558874E+03 -3.3208191635E+02

CP# 13     Coords = -9.39402988086146E+00  4.66749187808428E+00 -2.62080068120853E+00
           Type = (3,-3) NACP C13
           Rho =  1.2061905826E+02     Rho at Nucleus =  1.2061905679E+02
           GradRho =  2.7818959032E-11 -9.6124557774E-11  4.5174236918E-11
           HessRho_EigVals = -2.2219772109E+05 -2.2219577132E+05 -2.2219575665E+05
           HessRho_EigVec1 =  7.3372290561E-01 -4.4383969121E-01  5.1444827368E-01
           HessRho_EigVec2 =  1.0720775181E-01  8.2329658284E-01  5.5739504360E-01
           HessRho_EigVec3 = -6.7093754981E-01 -3.5382066812E-01  6.5165461640E-01
           DelSqRho = -6.6658924907E+05
           Bond Ellipticity = NA
           V = -1.6665786317E+05
           G =  5.2754524799E+00
           K =  1.6665258772E+05
           L =  1.6664731227E+05
           Vnuc =  1.6493207840E+06
           Ven = -1.9893951974E+08
           Vrep =  1.9877286187E+08
           DelSqV =  8.1587940909E+09
           DelSqVen =  1.0994194944E+12
           DelSqVrep = -1.0912607003E+12
           DelSqG =  3.0700640270E+08
           DelSqK = -8.4658004936E+09
           Stress_EigVals = -5.5552802071E+04 -5.5552797969E+04 -5.5552263131E+04
           Stress_EigVec1 = -6.5595553082E-01 -6.5907155270E-01  3.6789540634E-01
           Stress_EigVec2 = -1.7588252013E-01  6.0745552738E-01  7.7463741284E-01
           Stress_EigVec3 =  7.3402158054E-01 -4.4342132412E-01  5.1438297855E-01
           -DivStress = -7.5181871261E+03  3.4220193118E+03 -5.0916042291E+03

CP# 14     Coords = -7.33040265681309E+00  3.53828893005442E+00 -1.19190318604462E+00
           Type = (3,-3) NACP N14
           Rho =  1.9568052831E+02     Rho at Nucleus =  1.9568052830E+02
           GradRho = -5.3566111277E-11 -1.1306034661E-10  1.7784641164E-11
           HessRho_EigVals = -4.9028196080E+05 -4.9028180508E+05 -4.9027473982E+05
           HessRho_EigVec1 = -2.7680427283E-01  8.9587390922E-01 -3.4754759864E-01
           HessRho_EigVec2 =  8.2592450884E-01  4.0667152840E-01  3.9047019565E-01
           HessRho_EigVec3 = -4.9114977374E-01  1.7896426114E-01  8.5249263516E-01
           DelSqRho = -1.4708385057E+06
           Bond Ellipticity = NA
           V = -3.6774630497E+05
           G =  1.8339270752E+01
           K =  3.6772796570E+05
           L =  3.6770962643E+05
           Vnuc =  2.5797792333E+07
           Ven = -5.0481256331E+09
           Vrep =  5.0477578868E+09
           DelSqV =  2.4435370157E+10
           DelSqVen =  3.7944349950E+13
           DelSqVrep = -3.7919914580E+13
           DelSqG =  9.2139584027E+08
           DelSqK = -2.5356765997E+10
           Stress_EigVals = -1.2258302097E+05 -1.2258167639E+05 -1.2258160761E+05
           Stress_EigVec1 = -4.9141545977E-01  1.7951436274E-01  8.5222382006E-01
           Stress_EigVec2 =  8.5743111666E-01 -7.1865140364E-02  5.0955596531E-01
           Stress_EigVec3 =  1.5271779884E-01  9.8112690064E-01 -1.1860555951E-01
           -DivStress =  2.1255299034E+02  2.1466835151E+03  4.9170375768E+01

CP# 15     Coords = -5.21100305705858E+00  4.73251574997177E+00 -2.33820499496010E-01
           Type = (3,-3) NACP C15
           Rho =  1.2077656793E+02     Rho at Nucleus =  1.2077656729E+02
           GradRho = -8.2698191875E-11 -5.9274762345E-11 -1.7156887890E-12
           HessRho_EigVals = -2.2246777522E+05 -2.2246754297E+05 -2.2246618728E+05
           HessRho_EigVec1 =  5.0269625249E-01 -1.6800965696E-01 -8.4797950029E-01
           HessRho_EigVec2 =  8.3520462536E-01  3.4743954393E-01  4.2628511245E-01
           HessRho_EigVec3 = -2.2300159533E-01  9.2252832937E-01 -3.1497899929E-01
           DelSqRho = -6.6740150547E+05
           Bond Ellipticity = NA
           V = -1.6686085776E+05
           G =  5.2406939481E+00
           K =  1.6685561706E+05
           L =  1.6685037637E+05
           Vnuc =  2.5025267269E+06
           Ven = -3.0224658922E+08
           Vrep =  3.0207972836E+08
           DelSqV =  8.1685711112E+09
           DelSqVen =  1.6701901251E+12
           DelSqVrep = -1.6620215539E+12
           DelSqG =  3.0735344888E+08
           DelSqK = -8.4759245601E+09
           Stress_EigVals = -5.5620676938E+04 -5.5620229660E+04 -5.5619951158E+04
           Stress_EigVec1 = -2.6192612144E-01  9.0493298829E-01 -3.3539677043E-01
           Stress_EigVec2 =  8.3129924109E-01  3.8808944327E-01  3.9790470693E-01
