 AIMExt (Version 11.12.19, Professional)
 Portions Copyright (c) 1997-2011 by Todd A. Keith
 AIMExt is a component of the AIMAll package ( http://aim.tkgristmill.com )

 AIMExt is a heavily modified and extended version of the EXTREME program
 developed by members of R.F.W. Bader's research group

 Much of the Quantum Theory of Atoms in Molecules (QTAIM) is described in the book:
   "Atoms in Molecules - A Quantum Theory"
   R.F.W. Bader, Oxford University Press, Oxford, 1990

 For additional references see:  http://aim.tkgristmill.com/references.html

 Wfx File:  /home4/vemuri/FCHK/CHK-N3Prot/CHK-Mp2-Spe-GUWWC-N3-pro-fopt-35.wfx
 ExtOut File:  /home4/vemuri/FCHK/CHK-N3Prot/CHK-Mp2-Spe-GUWWC-N3-pro-fopt-35.extout
 Mgp File:  /home4/vemuri/FCHK/CHK-N3Prot/CHK-Mp2-Spe-GUWWC-N3-pro-fopt-35.mgp

 MgpViz File:  /home4/vemuri/FCHK/CHK-N3Prot/CHK-Mp2-Spe-GUWWC-N3-pro-fopt-35.mgpviz

 Wfx Title:  CHK-Mp2-Spe-GUWWC-N3-Prot-from-fopt-step35                                     
 Job Title:  Auto                                                                           
 
Nuclear Charges and Cartesian Coordinates:
-------------------------------------------------------------------------------
Atom      Charge                X                  Y                  Z
-------------------------------------------------------------------------------
C1         6.0           1.1233546900E+01   1.0031346600E+00   2.0711398400E-03
N2         7.0           8.9346648400E+00  -5.2941622500E-01   9.8832676700E-04
C3         6.0           8.7760053200E+00  -3.1612132400E+00   1.8576007900E-03
N4         7.0           6.4538361500E+00  -3.9978743700E+00   1.4456404900E-03
C5         6.0           4.9732225000E+00  -1.8664749400E+00   2.3810549300E-04
C6         6.0           2.2584891800E+00  -1.5943940600E+00  -3.3637125200E-04
O7         8.0           5.9946459300E-01  -3.1823328200E+00  -9.4486306600E-05
N8         7.0           1.5304419500E+00   1.0311063900E+00  -4.0062194000E-04
C9         6.0           3.0340460100E+00   3.0525842300E+00  -2.0125583300E-03
N10        7.0           2.0153154400E+00   5.3726425700E+00  -6.6423873600E-03
N11        7.0           5.5807562200E+00   2.7275135400E+00  -1.0941514300E-03
C12        6.0           6.4925339600E+00   2.6665169600E-01  -7.3699319200E-05
C13        6.0          -7.8672965000E+00   4.6810481600E+00   3.8550413100E-03
N14        7.0          -7.5867194100E+00   1.9190527900E+00   2.2563330000E-03
C15        6.0          -5.1875344500E+00   9.2653650200E-01   3.7605550000E-04
O16        8.0          -3.2916062400E+00   2.3571650100E+00   3.9684248800E-04
N17        7.0          -4.9978607500E+00  -1.6387383800E+00  -1.7555555800E-03
C18        6.0          -7.0300193200E+00  -3.4097349100E+00  -1.4305226800E-03
O19        8.0          -6.5879726900E+00  -5.6635130000E+00  -2.1731850500E-03
C20        6.0          -9.5021099100E+00  -2.2033242900E+00  -3.6093769100E-04
C21        6.0          -9.6831626900E+00   3.3946095400E-01   1.4324124100E-03
H22        1.0           1.1331945000E+01   2.1761103500E+00  -1.6974257100E+00
H23        1.0           1.0467024900E+01  -4.3091727400E+00   2.6323885000E-03
H24        1.0           3.0689681500E+00   6.9610065200E+00   7.4190648000E-03
H25        1.0          -1.1163320900E+01  -3.3942656100E+00  -8.4659730800E-04
H26        1.0          -1.1487637600E+01   1.3071424600E+00   2.4793206900E-03
H27        1.0           1.2855782300E+01  -2.6652697400E-01   7.1129291600E-03
H28        1.0           1.1326041500E+01   2.1819420400E+00   1.6978395600E+00
H29        1.0          -3.2187024900E+00  -2.4022860000E+00  -2.4282980800E-03
H30        1.0          -6.9891728900E+00   5.4911756500E+00  -1.6786078200E+00
H31        1.0          -9.8767273300E+00   5.1285390900E+00   5.2269824800E-03
H32        1.0          -6.9873247400E+00   5.4894276500E+00   1.6862007400E+00
H33        1.0           1.0703030900E-01   5.5449100100E+00  -3.4544193700E-03
H34        1.0          -4.4454106500E-01   1.3671185900E+00   3.0802536000E-04
H35        1.0           6.7521898900E+00   4.2387067400E+00  -8.7815573400E-03

Total number of electron density critical points found =     79

Electron Density Critical Point Analysis of Molecular Structure:
---------------------------------------------------------------
  NACP = Nuclear Attractor Critical Point
  NNACP = Non-Nuclear Attractor Critical Point
  BCP = Bond Critical Point
  RCP = Ring Critical Point
  CCP = Cage Critical Point
  Rho = Electron Density
  GradRho = Gradient of Electron Density
  HessRho_EigVals = Eigenvalues of the Hessian of Rho, Ascending Order
  HessRho_EigVecs = Eigenvectors of the Hessian of Rho
  DelSqRho = Laplacian of Rho = Trace of Hessian of Rho
  Bond Ellipticity = (HessRho_EigVal(1) / HessRho_EigVal(2)) - 1
  V = Virial Field = Potential Energy Density = Trace of Stress Tensor
  G = Lagrangian Form of Kinetic Energy Density
  K = Hamiltonian Form of Kinetic Energy Density
  L = K - G = Lagrangian Density = (-1/4)DelSqRho
  Vnuc = Electrostatic Potential from Nuclei
  Ven = Electron-nuclear attractive contribution to Virial Field V
  Vrep = V - Ven = Repulsive contribution to Virial Field V
  DelSqV = Laplacian of V
  DelSqVen = Laplacian of Ven
  DelSqVrep = Laplacian of Vrep
  DelSqG = Laplacian of G
  DelSqK = Laplacian of K
  Stress_EigVals = Eigenvalues of Stress Tensor, Ascending Order
  Stress_EigVecs = Eigenvectors of Stress Tensor
  -DivStress = Ehrenfest Force Density = Minus Divergence of Stress Tensor
  BP = Bond Path
  BPL = Bond Path Length
  GBL = Geometric Bond Length
  GBL_I = Distance Between Nuclear Attractors
  GBL_II = Distance Between Nuclei
  GBL_III = Sum of Distances Between BCP and Nuclear Attractors
  GBL_IV = Sum of Distances Between BCP and Nuclei

CP# 1      Coords =  1.12335434714062E+01  1.00313272665540E+00  2.07113808788279E-03
           Type = (3,-3) NACP C1                                                                                      
           Rho =  1.2062233897E+02     Rho at Nucleus =  1.2062233725E+02
           GradRho =  1.2289743301E-10 -1.9190244783E-11  1.5638035096E-14
           HessRho_EigVals = -2.2220407268E+05 -2.2220202405E+05 -2.2220186265E+05
           HessRho_EigVec1 =  8.3652670508E-01  5.4792589361E-01  5.3553824170E-04
           HessRho_EigVec2 = -1.8630428565E-03  1.8669472188E-03  9.9999652178E-01
           HessRho_EigVec3 =  5.4792298798E-01 -8.3652479319E-01  2.5825606275E-03
           DelSqRho = -6.6660795939E+05
           Bond Ellipticity = NA
           V = -1.6666253720E+05
           G =  5.2736758499E+00
           K =  1.6665726352E+05
           L =  1.6665198985E+05
           Vnuc =  1.5243591338E+06
           Ven = -1.8387176415E+08
           Vrep =  1.8370510161E+08
           DelSqV =  8.1590206055E+09
           DelSqVen =  1.0161499320E+12
           DelSqVrep = -1.0079909114E+12
           DelSqG =  3.0701529941E+08
           DelSqK = -8.4660359049E+09
           Stress_EigVals = -5.5554398659E+04 -5.5554352635E+04 -5.5553785904E+04
           Stress_EigVec1 = -5.4759138777E-01  8.3674235522E-01 -2.4296120751E-03
           Stress_EigVec2 = -1.7913117651E-03  1.7313544978E-03  9.9999689680E-01
           Stress_EigVec3 =  8.3674396516E-01  5.4759404068E-01  5.5079161313E-04
           -DivStress =  9.1435848660E+03  5.1574608430E+03  4.6555365564E+00

CP# 2      Coords =  8.93466391614214E+00 -5.29415412460017E-01  9.88326471558798E-04
           Type = (3,-3) NACP N2                                                                                      
           Rho =  1.9567515089E+02     Rho at Nucleus =  1.9567515051E+02
           GradRho = -3.4699744662E-09  3.1975431632E-09 -1.2222907259E-12
           HessRho_EigVals = -4.9026871532E+05 -4.9026757914E+05 -4.9026080175E+05
           HessRho_EigVec1 =  9.1902794017E-01 -3.9419168789E-01  7.4724919515E-04
           HessRho_EigVec2 =  3.9419186084E-01  9.1902816496E-01 -9.4134396050E-05
           HessRho_EigVec3 = -6.4963606012E-04  3.8107169085E-04  9.9999971638E-01
           DelSqRho = -1.4707970962E+06
           Bond Ellipticity = NA
           V = -3.6773588394E+05
           G =  1.8304944646E+01
           K =  3.6771757900E+05
           L =  3.6769927405E+05
           Vnuc =  5.6895091057E+06
           Ven = -1.1132955527E+09
           Vrep =  1.1129278168E+09
           DelSqV =  2.4434684038E+10
           DelSqVen =  8.3681130578E+12
           DelSqVrep = -8.3436783738E+12
           DelSqG =  9.2136904231E+08
           DelSqK = -2.5356053080E+10
           Stress_EigVals = -1.2257958134E+05 -1.2257831153E+05 -1.2257799107E+05
           Stress_EigVec1 = -7.0390688992E-04  4.0962627242E-04  9.9999966836E-01
           Stress_EigVec2 =  4.8624515958E-01  8.7382243307E-01 -1.5669313191E-05
           Stress_EigVec3 =  8.7382214969E-01 -4.8624498730E-01  8.1426842341E-04
           -DivStress =  7.3691790055E+03 -6.4761827808E+03  2.3390003692E+00

CP# 3      Coords =  8.77600548360176E+00 -3.16121016932067E+00  1.85759930939414E-03
           Type = (3,-3) NACP C3                                                                                      
           Rho =  1.2079394922E+02     Rho at Nucleus =  1.2079394817E+02
           GradRho = -1.9506681791E-11  3.8377002138E-11 -5.1107373800E-15
           HessRho_EigVals = -2.2250085898E+05 -2.2250083121E+05 -2.2249914084E+05
           HessRho_EigVec1 =  1.9683731477E-01  9.8034064886E-01 -1.3685163438E-02
           HessRho_EigVec2 =  2.2682266807E-03  1.3502866529E-02  9.9990625948E-01
           HessRho_EigVec3 =  9.8043354015E-01 -1.9684990419E-01  4.3423317348E-04
           DelSqRho = -6.6750083103E+05
           Bond Ellipticity = NA
           V = -1.6688566672E+05
           G =  5.2294837817E+00
           K =  1.6688043724E+05
           L =  1.6687520776E+05
           Vnuc =  1.9512177385E+06
           Ven = -2.3569529642E+08
           Vrep =  2.3552841075E+08
           DelSqV =  8.1697774242E+09
           DelSqVen =  1.3024394772E+12
           DelSqVrep = -1.2942696998E+12
           DelSqG =  3.0740064827E+08
           DelSqK = -8.4771780725E+09
           Stress_EigVals = -5.5629001013E+04 -5.5628430958E+04 -5.5628234754E+04
           Stress_EigVec1 =  9.8865293040E-01 -1.5021730366E-01  3.8064286515E-04
           Stress_EigVec2 =  1.5021722989E-01  9.8865299137E-01  2.1565275171E-04
           Stress_EigVec3 = -4.0871848216E-04 -1.5602660815E-04  9.9999990430E-01
           -DivStress = -4.2958021329E+02 -8.1982510239E+03  3.9432579078E+00

CP# 4      Coords =  6.45383865506431E+00 -3.99786560304300E+00  1.44563812312142E-03
           Type = (3,-3) NACP N4                                                                                      
           Rho =  1.9624272870E+02     Rho at Nucleus =  1.9624270826E+02
           GradRho =  1.6082036642E-10 -9.4597581075E-11  4.6134759032E-14
           HessRho_EigVals = -4.9166662588E+05 -4.9166622925E+05 -4.9165642931E+05
           HessRho_EigVec1 = -1.1944390373E-03  6.9182834844E-04  9.9999904734E-01
           HessRho_EigVec2 =  9.4031554968E-01 -3.4030107447E-01  1.3585808245E-03
           HessRho_EigVec3 =  3.4030169019E-01  9.4031627662E-01 -2.4406806597E-04
           DelSqRho = -1.4749892844E+06
           Bond Ellipticity = NA
           V = -3.6878162240E+05
           G =  1.7150646664E+01
           K =  3.6876447176E+05
           L =  3.6874732111E+05
           Vnuc =  7.6774674990E+05
           Ven = -1.5066471715E+08
           Vrep =  1.5029593553E+08
           DelSqV =  2.4503413454E+10
           DelSqVen =  1.1324182277E+12
           DelSqVrep = -1.1079148143E+12
           DelSqG =  9.2394189561E+08
           DelSqK = -2.5427355350E+10
           Stress_EigVals = -1.2292864922E+05 -1.2292671170E+05 -1.2292626148E+05
           Stress_EigVec1 =  3.6836215490E-01  9.2968234852E-01 -2.3169035055E-04
           Stress_EigVec2 =  9.2968224423E-01 -3.6836195731E-01  6.2703956194E-04
           Stress_EigVec3 = -4.9760170155E-04  4.4637604931E-04  9.9999977657E-01
           -DivStress = -2.0061932478E+04 -7.0176125100E+04  1.8938680731E+01

CP# 5      Coords =  4.97322223834326E+00 -1.86647500520946E+00  2.38106333482226E-04
           Type = (3,-3) NACP C5                                                                                      
           Rho =  1.2079070178E+02     Rho at Nucleus =  1.2079070177E+02
           GradRho =  7.5544352200E-11 -1.5579217483E-11  5.2508433992E-14
           HessRho_EigVals = -2.2256404816E+05 -2.2256377706E+05 -2.2256326576E+05
           HessRho_EigVec1 = -7.2256730722E-02  9.9738595964E-01  4.6083803267E-04
           HessRho_EigVec2 =  9.9738525936E-01  7.2256076889E-02  1.3052821017E-03
           HessRho_EigVec3 = -1.2685716933E-03 -5.5394847808E-04  9.9999904193E-01
           DelSqRho = -6.6769109099E+05
           Bond Ellipticity = NA
           V = -1.6693383831E+05
           G =  5.5327805557E+00
           K =  1.6692830553E+05
           L =  1.6692277275E+05
           Vnuc =  2.2250156661E+07
           Ven = -2.6876120376E+09
           Vrep =  2.6874451038E+09
           DelSqV =  8.1723476746E+09
           DelSqVen =  1.4856241545E+13
           DelSqVrep = -1.4848069198E+13
           DelSqG =  3.0758657702E+08
           DelSqK = -8.4799342516E+09
           Stress_EigVals = -5.5644718811E+04 -5.5644588246E+04 -5.5644531251E+04
           Stress_EigVec1 =  9.9341207769E-01 -1.1459654216E-01 -2.7646748181E-04
           Stress_EigVec2 =  1.1459474165E-01  9.9340541062E-01 -3.7061217679E-03
           Stress_EigVec3 =  6.9935303171E-04  3.6500244060E-03  9.9999309409E-01
           -DivStress =  6.9921857742E+02  1.8147175288E+02 -2.2551698611E+00

CP# 6      Coords =  2.25848805893570E+00 -1.59439026032132E+00 -3.36371732377667E-04
           Type = (3,-3) NACP C6                                                                                      
           Rho =  1.2080616213E+02     Rho at Nucleus =  1.2080616039E+02
           GradRho = -4.6635102984E-11 -9.3235073911E-13  4.1905060359E-15
           HessRho_EigVals = -2.2251263202E+05 -2.2251103132E+05 -2.2250913590E+05
           HessRho_EigVec1 = -1.1502153629E-04  3.0292518183E-04  9.9999994750E-01
           HessRho_EigVec2 = -3.1812200686E-01  9.4804972650E-01 -3.2377903474E-04
           HessRho_EigVec3 =  9.4804977481E-01  3.1812202741E-01  1.2678969245E-05
           DelSqRho = -6.6753279924E+05
           Bond Ellipticity = NA
           V = -1.6689319213E+05
           G =  4.9961585066E+00
           K =  1.6688819597E+05
           L =  1.6688319981E+05
           Vnuc =  1.5145615378E+06
           Ven = -1.8296836669E+08
           Vrep =  1.8280147350E+08
           DelSqV =  8.1701183753E+09
           DelSqVen =  1.0110195016E+12
           DelSqVrep = -1.0028493832E+12
           DelSqG =  3.0739802653E+08
           DelSqK = -8.4775164018E+09
           Stress_EigVals = -5.5631740254E+04 -5.5631012777E+04 -5.5630439097E+04
           Stress_EigVec1 =  9.2727360481E-01  3.7438437709E-01  4.2095070619E-06
           Stress_EigVec2 = -3.7438435878E-01  9.2727356286E-01 -3.0252360415E-04
           Stress_EigVec3 = -1.1716347571E-04  2.7894617936E-04  9.9999995423E-01
           -DivStress =  3.0120946971E+03 -1.0131610123E+04  1.2780838479E+00

CP# 7      Coords =  5.99469445052278E-01 -3.18232725851995E+00 -9.44874799683977E-05
           Type = (3,-3) NACP O7                                                                                      
           Rho =  2.9766848431E+02     Rho at Nucleus =  2.9766845790E+02
           GradRho = -1.8832932909E-11  9.6668692178E-11  3.1975794389E-15
           HessRho_EigVals = -9.6937324622E+05 -9.6937322367E+05 -9.6935221985E+05
           HessRho_EigVec1 =  7.4134742931E-01  6.7112141860E-01 -1.7480676700E-04
           HessRho_EigVec2 = -6.4840718648E-06  2.6763221344E-04  9.9999996417E-01
           HessRho_EigVec3 = -6.7112144134E-01  7.4134740161E-01 -2.0276005294E-04
           DelSqRho = -2.9080986897E+06
           Bond Ellipticity = NA
           V = -7.2712159483E+05
           G =  4.8461195890E+01
           K =  7.2707313363E+05
           L =  7.2702467243E+05
           Vnuc =  1.0839517881E+06
           Ven = -3.2265828584E+08
           Vrep =  3.2193116424E+08
           DelSqV =  6.2569480368E+10
           DelSqVen =  3.1522387671E+12
           DelSqVrep = -3.0896692867E+12
           DelSqG =  2.3678974937E+09
           DelSqK = -6.4937377862E+10
           Stress_EigVals = -2.4237738981E+05 -2.4237212715E+05 -2.4237207786E+05
           Stress_EigVec1 = -6.7967047603E-01  7.3351755498E-01 -2.0134789564E-04
           Stress_EigVec2 =  3.9997253901E-04  6.4510707400E-04  9.9999971193E-01
           Stress_EigVec3 =  7.3351747357E-01  6.7967019970E-01 -7.3184711096E-04
           -DivStress = -9.9169949538E+04 -1.1364612068E+05  2.3975751818E+01

CP# 8      Coords =  1.53044459152968E+00  1.03110770303372E+00 -4.00627398700524E-04
           Type = (3,-3) NACP N8                                                                                      
           Rho =  1.9574058119E+02     Rho at Nucleus =  1.9574057905E+02
           GradRho =  1.4577423551E-11 -9.3002418982E-12  5.5985997901E-16
           HessRho_EigVals = -4.9044988451E+05 -4.9044614883E+05 -4.9044189367E+05
           HessRho_EigVec1 =  3.6131333463E-01  9.3244424747E-01 -6.3212603980E-04
           HessRho_EigVec2 =  9.3244399572E-01 -3.6131374880E-01 -7.5483090643E-04
           HessRho_EigVec3 =  9.3223356566E-04  3.1669165847E-04  9.9999951532E-01
           DelSqRho = -1.4713379270E+06
           Bond Ellipticity = NA
           V = -3.6787146979E+05
           G =  1.8494019777E+01
           K =  3.6785297577E+05
           L =  3.6783448175E+05
           Vnuc =  2.3730061063E+06
           Ven = -4.6449359440E+08
           Vrep =  4.6412572293E+08
           DelSqV =  2.4443671747E+10
           DelSqVen =  3.4914938716E+12
           DelSqVrep = -3.4670501999E+12
           DelSqG =  9.2173955137E+08
           DelSqK = -2.5365411298E+10
           Stress_EigVals = -1.2262458626E+05 -1.2262385647E+05 -1.2262302706E+05
           Stress_EigVec1 =  1.1711793046E-03  2.8499896077E-04  9.9999927356E-01
           Stress_EigVec2 =  9.2735826610E-01 -3.7417333810E-01 -9.7946450823E-04
           Stress_EigVec3 =  3.7417278713E-01  9.2735873956E-01 -7.0252021201E-04
           -DivStress = -2.1100157979E+04 -1.0492529909E+04  4.3547446705E+01

CP# 9      Coords =  3.03404703183828E+00  3.05258452034984E+00 -2.01256373891615E-03
           Type = (3,-3) NACP C9                                                                                      
           Rho =  1.2069416710E+02     Rho at Nucleus =  1.2069416698E+02
           GradRho =  1.0103376950E-09  2.9593935803E-10 -5.2465830143E-12
           HessRho_EigVals = -2.2228126582E+05 -2.2227885841E+05 -2.2227840741E+05
           HessRho_EigVec1 =  5.6529694199E-04 -6.1478718686E-05  9.9999983833E-01
           HessRho_EigVec2 =  9.5227705685E-01 -3.0523449453E-01 -5.5708482385E-04
           HessRho_EigVec3 =  3.0523447943E-01  9.5227721781E-01 -1.1400335306E-04
           DelSqRho = -6.6683853164E+05
           Bond Ellipticity = NA
           V = -1.6671978060E+05
           G =  5.0738446801E+00
           K =  1.6671470675E+05
           L =  1.6670963291E+05
           Vnuc =  5.6481352896E+06
           Ven = -6.8169698445E+08
           Vrep =  6.8153026467E+08
           DelSqV =  8.1616203348E+09
           DelSqVen =  3.7663945523E+12
           DelSqVrep = -3.7582329320E+12
           DelSqG =  3.0704429279E+08
           DelSqK = -8.4686646276E+09
           Stress_EigVals = -5.5573661634E+04 -5.5573512596E+04 -5.5572606370E+04
           Stress_EigVec1 =  2.4531468791E-01  9.6944344854E-01 -3.2246761663E-04
           Stress_EigVec2 =  9.6944345216E-01 -2.4531476853E-01 -2.3959411065E-04
           Stress_EigVec3 =  3.1137900961E-04  2.5383816500E-04  9.9999991930E-01
           -DivStress = -2.7180164297E+03 -7.7183041511E+02  1.4480198431E+01

CP# 10     Coords =  2.01531641918995E+00  5.37264129242138E+00 -6.64231313059369E-03
           Type = (3,-3) NACP N10                                                                                     
           Rho =  1.9552752700E+02     Rho at Nucleus =  1.9552752636E+02
           GradRho = -4.7657311494E-11  4.2937020995E-11 -1.1985815773E-13
           HessRho_EigVals = -4.8989515840E+05 -4.8989324635E+05 -4.8988413187E+05
           HessRho_EigVec1 = -3.1796455747E-01  9.4810120693E-01  1.6253060088E-03
           HessRho_EigVec2 =  9.4809843540E-01  3.1795761250E-01  3.5090507207E-03
           HessRho_EigVec3 = -2.8101568053E-03 -2.6567038435E-03  9.9999252244E-01
           DelSqRho = -1.4696725366E+06
           Bond Ellipticity = NA
           V = -3.6745539189E+05
           G =  1.8628870160E+01
           K =  3.6743676302E+05
           L =  3.6741813415E+05
           Vnuc =  4.3441353674E+06
           Ven = -8.4939804534E+08
           Vrep =  8.4903058995E+08
           DelSqV =  2.4416189379E+10
           DelSqVen =  6.3844564992E+12
           DelSqVrep = -6.3600403098E+12
           DelSqG =  9.2065618236E+08
           DelSqK = -2.5336845561E+10
           Stress_EigVals = -1.2248652217E+05 -1.2248464480E+05 -1.2248422492E+05
           Stress_EigVec1 = -3.1207929817E-03 -2.4109736139E-03  9.9999222390E-01
           Stress_EigVec2 =  9.4582683455E-01  3.2465004651E-01  3.7344814828E-03
           Stress_EigVec3 = -3.2465652574E-01  9.4583113424E-01  1.2671979548E-03
           -DivStress = -7.8052618246E+03  1.0193366696E+04 -5.9226200525E+02

CP# 11     Coords =  5.58075543718227E+00  2.72751310396274E+00 -1.09417159285331E-03
           Type = (3,-3) NACP N11                                                                                     
           Rho =  1.9554484640E+02     Rho at Nucleus =  1.9554484620E+02
           GradRho = -1.3793071714E-09 -9.8408461210E-10 -4.1192846805E-11
           HessRho_EigVals = -4.8996671879E+05 -4.8996563978E+05 -4.8995602820E+05
           HessRho_EigVec1 =  9.3025261980E-01 -3.6691929091E-01 -5.4525373722E-04
           HessRho_EigVec2 =  3.6691658413E-01  9.3024982330E-01 -2.7361558056E-03
           HessRho_EigVec3 =  1.5111705407E-03  2.3452534676E-03  9.9999610807E-01
           DelSqRho = -1.4698883868E+06
           Bond Ellipticity = NA
           V = -3.6750939819E+05
           G =  1.8650749305E+01
           K =  3.6749074744E+05
           L =  3.6747209669E+05
           Vnuc =  7.8099807433E+06
           Ven = -1.5272014848E+09
           Vrep =  1.5268339754E+09
           DelSqV =  2.4419878655E+10
           DelSqVen =  1.1479800087E+13
           DelSqVrep = -1.1455380208E+13
           DelSqG =  9.2084614722E+08
           DelSqK = -2.5340724802E+10
           Stress_EigVals = -1.2250452619E+05 -1.2250255680E+05 -1.2250231520E+05
           Stress_EigVec1 =  1.5065769016E-03  2.3307825385E-03  9.9999614883E-01
           Stress_EigVec2 =  3.7822831557E-01  9.2570832460E-01 -2.7274653464E-03
           Stress_EigVec3 =  9.2571111667E-01 -3.7823096808E-01 -5.1308282599E-04
           -DivStress =  6.2590501088E+03  3.4906265980E+03  1.6093715444E+02

CP# 12     Coords =  6.49253594258679E+00  2.66656210330947E-01 -7.36994803517660E-05
           Type = (3,-3) NACP C12                                                                                     
           Rho =  1.2077328601E+02     Rho at Nucleus =  1.2077328330E+02
           GradRho = -8.0184477683E-12  3.0634750339E-12  1.4824798966E-15
           HessRho_EigVals = -2.2249996313E+05 -2.2249959260E+05 -2.2249824537E+05
           HessRho_EigVec1 = -6.3575799508E-01  7.7188737011E-01  1.2882349731E-03
           HessRho_EigVec2 =  1.3393886548E-03 -5.6576462123E-04  9.9999894297E-01
           HessRho_EigVec3 =  7.7188728304E-01  6.3575904852E-01 -6.7416780507E-04
           DelSqRho = -6.6749780110E+05
           Bond Ellipticity = NA
           V = -1.6688519292E+05
           G =  5.3713215206E+00
           K =  1.6687982160E+05
           L =  1.6687445027E+05
           Vnuc =  1.2169395703E+06
           Ven = -1.4697379077E+08
           Vrep =  1.4680690558E+08
           DelSqV =  8.1698789911E+09
           DelSqVen =  8.1230448845E+11
           DelSqVrep = -8.0413460946E+11
           DelSqG =  3.0745148767E+08
           DelSqK = -8.4773304788E+09
           Stress_EigVals = -5.5628739828E+04 -5.5628323113E+04 -5.5628129976E+04
           Stress_EigVec1 =  7.7171445221E-01  6.3596905692E-01 -4.0358558217E-04
           Stress_EigVec2 = -6.3596893673E-01  7.7171343488E-01 -1.3732969573E-03
           Stress_EigVec3 = -5.6192195494E-04  1.3164610027E-03  9.9999897559E-01
           -DivStress = -5.2990436671E+03 -1.2052074952E+04  4.1401958650E-01

CP# 13     Coords = -7.86729622546488E+00  4.68104447053904E+00  3.85503944902955E-03
           Type = (3,-3) NACP C13                                                                                     
           Rho =  1.2062840644E+02     Rho at Nucleus =  1.2062840492E+02
           GradRho =  8.8398773248E-11  5.0243240686E-11 -3.5525507097E-14
           HessRho_EigVals = -2.2220931423E+05 -2.2220720989E+05 -2.2220713580E+05
           HessRho_EigVec1 = -1.5155979942E-01  9.8844791596E-01  5.8704768177E-04
           HessRho_EigVec2 =  2.3747614016E-04 -5.5749597821E-04  9.9999981640E-01
           HessRho_EigVec3 =  9.8844806176E-01  1.5155991100E-01 -1.5023881720E-04
           DelSqRho = -6.6662365992E+05
           Bond Ellipticity = NA
           V = -1.6666645226E+05
           G =  5.2686411710E+00
           K =  1.6666118362E+05
           L =  1.6665591498E+05
           Vnuc =  1.6217884305E+06
           Ven = -1.9563375396E+08
           Vrep =  1.9546708750E+08
           DelSqV =  8.1591894695E+09
           DelSqVen =  1.0811225313E+12
           DelSqVrep = -1.0729633419E+12
           DelSqG =  3.0701428245E+08
           DelSqK = -8.4662037520E+09
           Stress_EigVals = -5.5555691149E+04 -5.5555670661E+04 -5.5555090452E+04
           Stress_EigVec1 =  9.8861642093E-01  1.5045758350E-01 -2.9637050562E-04
           Stress_EigVec2 =  3.8021453152E-04 -5.2849371019E-04  9.9999978807E-01
           Stress_EigVec3 = -1.5045739498E-01  9.8861632409E-01  5.7968371988E-04
           -DivStress = -7.3548634928E+02  9.8390955941E+03  4.9561376256E+00

CP# 14     Coords = -7.58671902179198E+00  1.91905206336402E+00  2.25632956194047E-03
           Type = (3,-3) NACP N14                                                                                     
           Rho =  1.9562032134E+02     Rho at Nucleus =  1.9562032117E+02
           GradRho =  7.9222204836E-10 -1.3111850844E-09 -6.1113221688E-12
           HessRho_EigVals = -4.9015053630E+05 -4.9014988703E+05 -4.9014094743E+05
           HessRho_EigVec1 =  9.8106494317E-01 -1.9367855874E-01 -4.3950115026E-04
           HessRho_EigVec2 =  1.9367881214E-01  9.8106478622E-01  6.3480258865E-04
           HessRho_EigVec3 =  3.0823145157E-04 -7.0790462628E-04  9.9999970193E-01
           DelSqRho = -1.4704413708E+06
           Bond Ellipticity = NA
           V = -3.6764734801E+05
           G =  1.8502662841E+01
           K =  3.6762884535E+05
           L =  3.6761034269E+05
           Vnuc =  8.4967875394E+06
           Ven = -1.6621443088E+09
           Vrep =  1.6617766614E+09
           DelSqV =  2.4428935472E+10
           DelSqVen =  1.2494027882E+13
           DelSqVrep = -1.2469598947E+13
           DelSqG =  9.2118308998E+08
           DelSqK = -2.5350118562E+10
           Stress_EigVals = -1.2255039048E+05 -1.2254854514E+05 -1.2254841240E+05
           Stress_EigVec1 =  3.0762322120E-04 -7.1483086066E-04  9.9999969719E-01
           Stress_EigVec2 =  3.4658694145E-01  9.3801768322E-01  5.6390596721E-04
           Stress_EigVec3 =  9.3801780228E-01 -3.4658666303E-01 -5.3630706290E-04
           -DivStress = -3.1058249559E+03  5.7933910060E+03  2.7407697829E+01

CP# 15     Coords = -5.18753535384990E+00  9.26536004771139E-01  3.76055608660789E-04
           Type = (3,-3) NACP C15                                                                                     
           Rho =  1.2068131331E+02     Rho at Nucleus =  1.2068131319E+02
           GradRho = -8.4010957723E-10 -4.7354543153E-10  1.0146842134E-13
           HessRho_EigVals = -2.2224153037E+05 -2.2223897838E+05 -2.2223843808E+05
           HessRho_EigVec1 =  4.2850872240E-04 -6.7109858299E-04  9.9999968300E-01
           HessRho_EigVec2 = -6.2890287829E-01  7.7748346837E-01  7.9125867364E-04
           HessRho_EigVec3 =  7.7748375293E-01  6.2890301799E-01  8.8897382739E-05
           DelSqRho = -6.6671894683E+05
           Bond Ellipticity = NA
           V = -1.6668971614E+05
           G =  4.9897174239E+00
           K =  1.6668472642E+05
           L =  1.6667973671E+05
           Vnuc =  5.8162801715E+06
           Ven = -7.0191632968E+08
           Vrep =  7.0174963996E+08
           DelSqV =  8.1601085191E+09
           DelSqVen =  3.8778242335E+12
           DelSqVrep = -3.8696641250E+12
           DelSqG =  3.0696611786E+08
           DelSqK = -8.4670746369E+09
           Stress_EigVals = -5.5563691531E+04 -5.5563464079E+04 -5.5562560532E+04
           Stress_EigVec1 =  7.5666913760E-01  6.5379798412E-01  1.1028361038E-04
           Stress_EigVec2 = -6.5379784016E-01  7.5666883396E-01  8.1234851173E-04
           Stress_EigVec3 =  4.4766364850E-04 -6.8678223408E-04  9.9999966396E-01
           -DivStress =  2.3968469775E+03  1.3161135566E+03 -2.8818004927E-01

CP# 16     Coords = -3.29161107101174E+00  2.35716050873138E+00  3.96842572676324E-04
           Type = (3,-3) NACP O16                                                                                     
           Rho =  2.9746462213E+02     Rho at Nucleus =  2.9746460101E+02
           GradRho =  6.3270678850E-11 -1.1565729079E-10 -2.0166526326E-14
           HessRho_EigVals = -9.6878880512E+05 -9.6877713751E+05 -9.6876675897E+05
           HessRho_EigVec1 =  8.1985083853E-01  5.7257715690E-01 -4.4249343925E-05
           HessRho_EigVec2 =  6.1721772650E-04 -8.0648894904E-04  9.9999948431E-01
           HessRho_EigVec3 = -5.7257682594E-01  8.1985044305E-01  1.0146054122E-03
           DelSqRho = -2.9063327016E+06
           Bond Ellipticity = NA
           V = -7.2668116857E+05
           G =  4.8996582979E+01
           K =  7.2663217198E+05
           L =  7.2658317540E+05
           Vnuc =  1.2115857674E+06
           Ven = -3.6040390246E+08
           Vrep =  3.5967722129E+08
           DelSqV =  6.2532369272E+10
           DelSqVen =  3.5212713339E+12
           DelSqVrep = -3.4587389646E+12
           DelSqG =  2.3666505662E+09
           DelSqK = -6.4899019838E+10
           Stress_EigVals = -2.4222976531E+05 -2.4222713645E+05 -2.4222426681E+05
           Stress_EigVec1 = -5.8383736000E-01  8.1187002222E-01  1.0020435833E-03
           Stress_EigVec2 =  6.3305843017E-04 -7.7899158551E-04  9.9999949620E-01
           Stress_EigVec3 =  8.1187039378E-01  5.8383770022E-01 -5.9156771011E-05
           -DivStress =  9.8724051844E+04  9.1936664156E+04 -1.7174149119E+00

CP# 17     Coords = -4.99786124371888E+00 -1.63873688362639E+00 -1.75555056520965E-03
           Type = (3,-3) NACP N17                                                                                     
           Rho =  1.9570849697E+02     Rho at Nucleus =  1.9570849636E+02
           GradRho = -2.9801964955E-09  9.5276931077E-09  3.1848040213E-11
           HessRho_EigVals = -4.9036146394E+05 -4.9035963164E+05 -4.9035296516E+05
           HessRho_EigVec1 =  8.9337650513E-02  9.9600120400E-01  6.2115928316E-04
           HessRho_EigVec2 =  9.9600129608E-01 -8.9337342320E-02 -5.0741769836E-04
           HessRho_EigVec3 =  4.4989591898E-04 -6.6400695610E-04  9.9999967834E-01
           DelSqRho = -1.4710740607E+06
           Bond Ellipticity = NA
           V = -3.6780547345E+05
           G =  1.8479129749E+01
           K =  3.6778699432E+05
           L =  3.6776851519E+05
           Vnuc =  4.4424154857E+06
           Ven = -8.6941845763E+08
           Vrep =  8.6905065216E+08
           DelSqV =  2.4439296010E+10
           DelSqVen =  6.5351225836E+12
           DelSqVrep = -6.5106832875E+12
           DelSqG =  9.2155977067E+08
           DelSqK = -2.5360855780E+10
           Stress_EigVals = -1.2260282241E+05 -1.2260152119E+05 -1.2260112985E+05
           Stress_EigVec1 =  4.8407525593E-04 -7.0062564426E-04  9.9999963740E-01
           Stress_EigVec2 =  9.9699049509E-01 -7.7522025283E-02 -5.3693254268E-04
           Stress_EigVec3 =  7.7522373362E-02  9.9699039349E-01  6.6099061371E-04
           -DivStress =  3.9490014741E+03 -1.1955400630E+04 -4.0044649171E+01

CP# 18     Coords = -7.03001650497826E+00 -3.40973248962225E+00 -1.43052321797698E-03
           Type = (3,-3) NACP C18                                                                                     
           Rho =  1.2080828440E+02     Rho at Nucleus =  1.2080828287E+02
           GradRho =  7.4196233470E-11 -8.8799328793E-12  5.6130904063E-15
           HessRho_EigVals = -2.2251451941E+05 -2.2251273831E+05 -2.2251102313E+05
           HessRho_EigVec1 =  2.8710917329E-04 -3.2212290433E-04  9.9999990690E-01
           HessRho_EigVec2 =  8.0737103583E-01  5.9004407357E-01 -4.1736923858E-05
           HessRho_EigVec3 = -5.9004400519E-01  8.0737097265E-01  4.2947976910E-04
           DelSqRho = -6.6753828085E+05
           Bond Ellipticity = NA
           V = -1.6689460238E+05
           G =  5.0160821229E+00
           K =  1.6688958629E+05
           L =  1.6688457021E+05
           Vnuc =  1.6161884341E+06
           Ven = -1.9524895200E+08
           Vrep =  1.9508205739E+08
           DelSqV =  8.1701781531E+09
           DelSqVen =  1.0788676465E+12
           DelSqVrep = -1.0706974683E+12
           DelSqG =  3.0739784607E+08
           DelSqK = -8.4775759991E+09
           Stress_EigVals = -5.5632182051E+04 -5.5631526281E+04 -5.5630894043E+04
           Stress_EigVec1 = -5.3123114986E-01  8.4722682452E-01  4.1620727594E-04
           Stress_EigVec2 =  8.4722687661E-01  5.3123122334E-01 -8.3096196085E-05
           Stress_EigVec3 =  2.9150362670E-04 -3.0847870262E-04  9.9999990993E-01
           -DivStress = -7.5257886052E+03 -6.4413076159E+03  1.4518721091E+00

CP# 19     Coords = -6.58797393280490E+00 -5.66350565665470E+00 -2.17318289520867E-03
           Type = (3,-3) NACP O19                                                                                     
           Rho =  2.9768617155E+02     Rho at Nucleus =  2.9768614467E+02
           GradRho =  3.7674876012E-10 -3.2255920694E-10  8.0485423014E-14
           HessRho_EigVals = -9.6941070318E+05 -9.6940944278E+05 -9.6938797577E+05
           HessRho_EigVec1 =  4.0272232823E-04 -8.7634338000E-04  9.9999953492E-01
           HessRho_EigVec2 = -1.7715321056E-01  9.8418284275E-01  9.3382610666E-04
           HessRho_EigVec3 =  9.8418320337E-01  1.7715350424E-01 -2.4110536251E-04
           DelSqRho = -2.9082081217E+06
           Bond Ellipticity = NA
           V = -7.2714889647E+05
           G =  4.8433020813E+01
           K =  7.2710046345E+05
           L =  7.2705203043E+05
           Vnuc =  1.0741643205E+06
           Ven = -3.1976386417E+08
           Vrep =  3.1903671528E+08
           DelSqV =  6.2571674725E+10
           DelSqVen =  3.1238934047E+12
           DelSqVrep = -3.0613217299E+12
           DelSqG =  2.3679342916E+09
           DelSqK = -6.4939609017E+10
           Stress_EigVals = -2.4238667992E+05 -2.4238122899E+05 -2.4238098756E+05
           Stress_EigVec1 =  9.8452231911E-01  1.7525907820E-01 -2.4222860161E-04
           Stress_EigVec2 = -1.7525868036E-01  9.8452171377E-01  1.1790144269E-03
           Stress_EigVec3 =  4.4511229962E-04 -1.1183133528E-03  9.9999927562E-01
           -DivStress =  2.5397328211E+04 -1.5007112612E+05 -4.4047854807E+01

CP# 20     Coords = -9.50210915540191E+00 -2.20332418595217E+00 -3.60937602141635E-04
           Type = (3,-3) NACP C20                                                                                     
           Rho =  1.2084916682E+02     Rho at Nucleus =  1.2084916676E+02
           GradRho =  5.2698791679E-10  9.4409654046E-11  4.6750424983E-14
           HessRho_EigVals = -2.2267222131E+05 -2.2267200767E+05 -2.2267164590E+05
           HessRho_EigVec1 =  6.5875482274E-04 -1.0145229308E-03  9.9999926839E-01
           HessRho_EigVec2 =  8.7526211195E-01 -4.8364769859E-01 -1.0672555989E-03
           HessRho_EigVec3 =  4.8364842751E-01  8.7526217466E-01  5.6936822912E-04
           DelSqRho = -6.6801587488E+05
           Bond Ellipticity = NA
           V = -1.6701490044E+05
           G =  5.4658580188E+00
           K =  1.6700943458E+05
           L =  1.6700396872E+05
           Vnuc =  7.8767474109E+06
           Ven = -9.5189836189E+08
           Vrep =  9.5173134699E+08
           DelSqV =  8.1762810071E+09
           DelSqVen =  5.2617926410E+12
           DelSqVrep = -5.2536163600E+12
           DelSqG =  3.0773687256E+08
           DelSqK = -8.4840178796E+09
           Stress_EigVals = -5.5671824953E+04 -5.5671687121E+04 -5.5671388362E+04
           Stress_EigVec1 =  2.9185003775E-01  9.5646388115E-01  6.3207312876E-04
           Stress_EigVec2 =  9.5646406206E-01 -2.9184980574E-01 -4.3460982753E-04
           Stress_EigVec3 =  2.3121818259E-04 -7.3139612682E-04  9.9999970580E-01
           -DivStress = -2.0138148130E+03 -2.6944057022E+02 -2.3506662420E-01

CP# 21     Coords = -9.68316015148095E+00  3.39463956223167E-01  1.43241450364312E-03
           Type = (3,-3) NACP C21                                                                                     
           Rho =  1.2088236881E+02     Rho at Nucleus =  1.2088236709E+02
           GradRho = -1.1065381685E-10  4.1899763821E-12 -1.8026643275E-14
           HessRho_EigVals = -2.2270322670E+05 -2.2270216267E+05 -2.2270049167E+05
           HessRho_EigVec1 =  2.7347117663E-04 -6.7407561232E-04  9.9999973542E-01
           HessRho_EigVec2 =  8.8931036205E-01  4.5730413919E-01  6.5056833761E-05
           HessRho_EigVec3 = -4.5730406205E-01  8.8931010896E-01  7.2452192787E-04
           DelSqRho = -6.6810588104E+05
           Bond Ellipticity = NA
           V = -1.6703690290E+05
           G =  5.2163187558E+00
           K =  1.6703168658E+05
           L =  1.6702647026E+05
           Vnuc =  1.5261188843E+06
           Ven = -1.8448086582E+08
           Vrep =  1.8431382892E+08
           DelSqV =  8.1772483865E+09
           DelSqVen =  1.0196090061E+12
           DelSqVrep = -1.0114317577E+12
           DelSqG =  3.0773338217E+08
           DelSqK = -8.4849817687E+09
           Stress_EigVals = -5.5679476525E+04 -5.5678952883E+04 -5.5678473490E+04
           Stress_EigVec1 = -4.1459828256E-01  9.1000424970E-01  7.2775404627E-04
           Stress_EigVec2 =  9.1000450872E-01  4.1459834744E-01  6.6429980371E-05
           Stress_EigVec3 =  2.4127406048E-04 -6.8980121912E-04  9.9999973298E-01
           -DivStress = -6.7942424593E+03 -8.0247866739E+03 -5.5946878625E+00

CP# 22     Coords =  1.13270522669256E+01  2.14229240442087E+00 -1.64815589761748E+00
           Type = (3,-3) NACP H22                                                                                     
           Rho =  3.9145866683E-01     Rho at Nucleus =  3.8430564763E-01
           GradRho = -1.4608913958E-15 -2.9407708032E-14  4.2149045129E-14
           HessRho_EigVals = -4.3925530179E+00 -4.3833244205E+00 -3.7713130782E+00
           HessRho_EigVec1 =  7.7105989920E-01  4.9036379160E-01  4.0621420917E-01
