AIMSum (Version 11.12.19, Professional)
Copyright (c) 1997-2011 by Todd A. Keith
AIMSum is a component of the AIMAll package ( http://aim.tkgristmill.com )

Much of the Quantum Theory of Atoms in Molecules (QTAIM) is described in the book:
  "Atoms in Molecules - A Quantum Theory"
  R.F.W. Bader, Oxford University Press, Oxford, 1990

For additional references see:  http://aim.tkgristmill.com/references.html

Wfx File:  /home4/vemuri/FCHK/CHK-Neutral/GCWWT/chk-Mp2-Spe-FOPT_GCWWT-step-108.wfx
Sum File:  /home4/vemuri/FCHK/CHK-Neutral/GCWWT/chk-Mp2-Spe-FOPT_GCWWT-step-108.sum

SumViz File:  /home4/vemuri/FCHK/CHK-Neutral/GCWWT/chk-Mp2-Spe-FOPT_GCWWT-step-108.sumviz

Wfx Title:  CHK-Mp2-Spe-fopt-GCWWT-Neut-from-step108                                       
 
Total memory allocated for AIMSum =       22.872 Megabytes

Atomic units (a.u.) used throughout, except where stated otherwise

Restricted, closed-shell, single-determinant wavefunction.
  Number of electrons (from MO Occs)                   =         152.0000000000
  Number of Alpha electrons (from MO Occs)             =          76.0000000000
  Number of Beta electrons (from MO Occs)              =          76.0000000000
  Number of electron pairs (N*(N-1)/2)                 =       11476.0000000000
  Number of electron pairs (from Muller 2EDM)          =       11476.0000000000
 
Nuclear Charges and Cartesian Coordinates:
-------------------------------------------------------------------------------
Atom      Charge                X                  Y                  Z
-------------------------------------------------------------------------------
C1         6.0           1.0718521000E+01  -2.7280823400E+00  -9.3469823000E-01
N2         7.0           8.9637496200E+00  -6.1681794800E-01  -9.0459489200E-01
C3         6.0           9.4298864700E+00   1.8727885200E+00  -1.5819672200E+00
N4         7.0           7.4565985400E+00   3.3456637400E+00  -1.3389068700E+00
C5         6.0           5.5740174600E+00   1.7695754600E+00  -4.4872680900E-01
C6         6.0           2.9765246400E+00   2.2659044700E+00   1.7034936200E-01
O7         8.0           1.7428679600E+00   4.2369852000E+00   4.4151561400E-02
N8         7.0           1.7848085400E+00   2.7021194000E-02   1.0414942100E+00
C9         6.0           2.8595449200E+00  -2.3240664600E+00   1.2198314500E+00
N10        7.0           1.3374876900E+00  -4.1968247400E+00   2.1181203200E+00
N11        7.0           5.2376896700E+00  -2.7980230000E+00   6.2696388800E-01
C12        6.0           6.4772404100E+00  -7.0149279700E-01  -1.6980134200E-01
C13        6.0          -4.4182987500E+00   3.9955254400E+00   1.9778950900E+00
N14        7.0          -6.0407930400E+00   2.0881095800E+00   7.6525026700E-01
C15        6.0          -5.3397084300E+00  -4.9148186200E-01   9.5886215800E-01
O16        8.0          -3.3707536400E+00  -1.0131483200E+00   2.1280376100E+00
N17        7.0          -6.8415871700E+00  -2.2632701900E+00  -1.2916089100E-01
C18        6.0          -8.9060279300E+00  -1.5819672200E+00  -1.3786515900E+00
N19        7.0          -1.0325017600E+01  -3.4628702300E+00  -2.3954036200E+00
C20        6.0          -9.6646452600E+00   9.9861821600E-01  -1.6516338700E+00
C21        6.0          -8.1504511700E+00   2.7564622500E+00  -5.2962598400E-01
H22        1.0           1.1276613800E+01   2.4567611400E+00  -2.2382105300E+00
H23        1.0          -5.5800967100E-01  -3.9053949500E+00   2.1743699100E+00
H24        1.0          -2.5663671400E+00   4.0933962500E+00   1.0632222800E+00
H25        1.0          -1.1820641400E+01  -3.0962917000E+00  -3.5112661100E+00
H26        1.0          -1.1345928900E+01   1.5520282900E+00  -2.6774924900E+00
H27        1.0          -8.5566931600E+00   4.7632796000E+00  -6.1860373900E-01
H28        1.0           1.9961479500E+00  -5.9753726100E+00   1.9468525500E+00
H29        1.0          -9.6784648300E+00  -5.2515942800E+00  -2.2636821500E+00
H30        1.0          -5.3543084500E+00   5.8274127300E+00   1.8374147300E+00
H31        1.0          -4.1550958100E+00   3.5018137000E+00   3.9635172600E+00
H32        1.0           1.2529804600E+01  -2.0717237700E+00  -1.6725625900E+00
H33        1.0           1.0989938500E+01  -3.4741707900E+00   9.7354533000E-01
H34        1.0           9.9999941700E+00  -4.2441208000E+00  -2.1406798700E+00
H35        1.0          -8.4070136200E-02   1.8168394000E-01   1.5087441200E+00
 
Some Atomic Properties:
----------------------
  q(A) = Net Charge of Atom A
  L(A) = Lagrangian of Atom A = -(1/4) Times Atomic Integral of the Laplacian of the Electron Density
  K(A) = Electronic Kinetic Energy of Atom A (Hamiltonian Form)
  K_Scaled(A) = K(A) * E(Mol)/K(Mol) = Approximation to Virial-Based Total Energy of Atom A.
  |Mu_Intra(A)| = Magnitude of Intraatomic Dipole Moment of Atom A
--------------------------------------------------------------------------------------------------
Atom A          q(A)              L(A)              K(A)          K_Scaled(A)      |Mu_Intra(A)|
--------------------------------------------------------------------------------------------------
C1        6.8917923890E-01 -1.6377912217E-04  3.7342758360E+01 -3.7405912504E+01  5.2384527886E-01
N2       -1.5738232017E+00  4.5377802449E-05  5.5384582986E+01 -5.5478249498E+01  1.6886585865E-01
C3        1.3546896479E+00 -1.9820600445E-04  3.6939931515E+01 -3.7002404397E+01  7.4279550084E-01
N4       -1.4148719701E+00  1.1678939155E-04  5.5089047293E+01 -5.5182213995E+01  2.8168324828E-01
C5        5.2710876880E-01 -1.0711659416E-04  3.7568648046E+01 -3.7632184215E+01  5.5976631922E-01
C6        1.6314607765E+00 -7.8328408073E-05  3.6734735154E+01 -3.6796861007E+01  8.3801613681E-01
O7       -1.3663772653E+00  7.9649298232E-05  7.5483146910E+01 -7.5610804151E+01  5.6260869850E-01
N8       -1.5379568747E+00  1.3978817592E-04  5.5302509166E+01 -5.5396036874E+01  7.6187075381E-02
C9        1.9283663278E+00 -3.4452390540E-04  3.6632854192E+01 -3.6694807745E+01  7.7685020163E-02
N10      -1.4418875408E+00 -6.1517455749E-05  5.5108017384E+01 -5.5201216167E+01  8.5136311550E-02
N11      -1.4277713189E+00  8.7939385820E-05  5.5091866785E+01 -5.5185038255E+01  6.0931875078E-02
C12       1.1120169851E+00 -7.6238382304E-05  3.7206323192E+01 -3.7269246596E+01  7.9210476798E-01
C13       6.0791319210E-01 -1.5382824097E-04  3.7400147505E+01 -3.7463398705E+01  5.3916489646E-01
N14      -1.5356758578E+00  1.0004498138E-04  5.5327491173E+01 -5.5421061131E+01  2.0467027246E-01
C15       2.1579854003E+00 -1.4817316341E-04  3.6402502004E+01 -3.6464065984E+01  2.5889267413E-01
O16      -1.3971440701E+00  1.1012144769E-04  7.5530131439E+01 -7.5657868141E+01  5.2192690812E-01
N17      -1.4353290133E+00  6.5939850305E-05  5.5135135862E+01 -5.5228380509E+01  1.3068404238E-01
C18       1.3539206455E+00  7.6201974153E-05  3.6995876234E+01 -3.7058443730E+01  7.9817385598E-01
N19      -1.4575469996E+00 -1.0460688233E-06  5.5131460352E+01 -5.5224698782E+01  1.6818642253E-01
C20       6.1000694200E-02 -6.2394665498E-05  3.7770886539E+01 -3.7834764734E+01  1.5498366592E-01
C21       6.6548098020E-01  7.7238082898E-05  3.7417120016E+01 -3.7480399920E+01  8.0179179581E-01
H22       1.2860458510E-02  2.8478774751E-05  6.1234984035E-01 -6.1338544756E-01  1.0159329244E-01
H23       5.4404440379E-01 -2.3117797191E-05  3.6799499031E-01 -3.6861734413E-01  1.4016420693E-01
H24       7.2276617610E-02  4.3393513264E-05  5.9189301295E-01 -5.9289402354E-01  7.7625600402E-02
H25       4.8244744110E-01  2.8937071807E-05  4.0154213012E-01 -4.0222121894E-01  1.7151711012E-01
H26      -1.6889363000E-02  2.8917864652E-05  6.1982407938E-01 -6.2087232704E-01  1.0224004508E-01
H27       3.4109252240E-02  4.4947179517E-05  6.0877665458E-01 -6.0980621881E-01  9.6459871050E-02
H28       4.8568359661E-01  2.4899947837E-05  3.9877158563E-01 -3.9944598889E-01  1.7197795391E-01
H29       5.0305663140E-01  2.6751673476E-05  3.8880167147E-01 -3.8945921359E-01  1.6647830626E-01
H30      -6.1704377000E-02  5.5357525302E-05  6.4943736312E-01 -6.5053569283E-01  9.4150275077E-02
H31      -1.3448365200E-02  5.1467258651E-05  6.2782391568E-01 -6.2888569268E-01  1.0321395230E-01
H32      -4.7654524600E-02  4.5889321605E-05  6.4034708026E-01 -6.4143003645E-01  9.7399576319E-02
H33      -3.1792587100E-02  3.2991811204E-05  6.3393702467E-01 -6.3500914017E-01  1.0216992806E-01
H34      -3.0006489600E-02  3.8000255370E-05  6.3321360547E-01 -6.3428449753E-01  1.0232020192E-01
H35       5.6639540199E-01  8.1611784150E-05  3.6182646085E-01 -3.6243838244E-01  1.2013109714E-01
--------------------------------------------------------------------------------------------------
Total     1.1664175000E-04  1.2464563785E-05  1.0085317115E+03 -1.0102373423E+03
 
Molecular charge q(Mol) from the wfx file:   0.0000000000E+00
Molecular energy E(Mol) from the wfx file:  -1.0102373592E+03
Molecular virial ratio (-V(Mol)/T(Mol)) from the wfx file:   2.0016912019E+00
Note.  K_Scaled(A) = (1+V(Mol)/T(Mol))*K(A) = E(Mol)/T(Mol)*K(A)
       Use K_Scaled(A) with caution.
 
Some Information About the Atomic Calculations:
----------------------------------------------
  Time(sec) = "Elapsed User Time", in Seconds, for Atom A by AIMInt
  NProc = Number of Processors Used for AIMInt Job
  BIM = Basin Integration Method
  OAQ = Angular Quadrature Outside of Beta Sphere
  ORQ = Multiple of Default for Radial Quadrature Outside of Beta Sphere
  IAQ = Multiple of Default for Angular Quadrature Inside of Beta Sphere
  IRQ = Multiple of Default for Radial Quadrature Inside of Beta Sphere
  MIR = Maximum Integration Radius
------------------------------------------------------------------------------------------------------
Atom A     Time(sec)   NProc      BIM              OAQ                 ORQ      IAQ      IRQ      MIR
------------------------------------------------------------------------------------------------------
C1            143        1     Proaim(5)    120*80    (High)           1.00     1.00     1.00    10.00
N2            219        1     Proaim(5)    120*80    (High)           1.00     1.00     1.00    10.00
C3            168        1     Proaim(5)    120*80    (High)           1.00     1.00     1.00    10.00
N4            212        1     Proaim(5)    120*80    (High)           1.00     1.00     1.00    10.00
C5            221        1     Proaim(5)    120*80    (High)           1.00     1.00     1.00    10.00
C6            192        1     Proaim(5)    120*80    (High)           1.00     1.00     1.00    10.00
O7            261        1     Proaim(5)    120*80    (High)           1.00     1.00     1.00    10.00
N8            277        1     Proaim(5)    120*80    (High)           1.00     1.00     1.00    10.00
C9            156        1     Proaim(5)    120*80    (High)           1.00     1.00     1.00    10.00
N10           257        1     Proaim(5)    120*80    (High)           1.00     1.00     1.00    10.00
N11           239        1     Proaim(5)    120*80    (High)           1.00     1.00     1.00    10.00
C12           189        1     Proaim(5)    120*80    (High)           1.00     1.00     1.00    10.00
C13           200        1     Proaim(5)    120*80    (High)           1.00     1.00     1.00    10.00
N14           251        1     Proaim(5)    120*80    (High)           1.00     1.00     1.00    10.00
C15           168        1     Proaim(5)    120*80    (High)           1.00     1.00     1.00    10.00
O16           286        1     Proaim(5)    120*80    (High)           1.00     1.00     1.00    10.00
N17           199        1     Proaim(5)    120*80    (High)           1.00     1.00     1.00    10.00
C18           133        1     Proaim(5)    120*80    (High)           1.00     1.00     1.00    10.00
N19           175        1     Proaim(5)    120*80    (High)           1.00     1.00     1.00    10.00
C20           194        1     Proaim(5)    120*80    (High)           1.00     1.00     1.00    10.00
C21           167        1     Proaim(5)    120*80    (High)           1.00     1.00     1.00    10.00
H22            52        1     Proaim(5)    72*48     (High)           1.00     1.00     1.00    10.00
H23            96        1     Proaim(5)    120*80    (High)           1.00     1.00     1.00    10.00
H24           151        1     Proaim(5)    120*80    (High)           1.00     1.00     1.00    10.00
H25            32        1     Proaim(5)    72*48     (High)           1.00     1.00     1.00    10.00
H26            47        1     Proaim(5)    72*48     (High)           1.00     1.00     1.00    10.00
H27            53        1     Proaim(5)    72*48     (High)           1.00     1.00     1.00    10.00
H28            37        1     Proaim(5)    72*48     (High)           1.00     1.00     1.00    10.00
H29            31        1     Proaim(5)    72*48     (High)           1.00     1.00     1.00    10.00
H30            68        1     Proaim(5)    72*48     (High)           1.00     1.00     1.00    10.00
H31            72        1     Proaim(5)    72*48     (High)           1.00     1.00     1.00    10.00
H32            47        1     Proaim(5)    72*48     (High)           1.00     1.00     1.00    10.00
H33            52        1     Proaim(5)    72*48     (High)           1.00     1.00     1.00    10.00
H34            57        1     Proaim(5)    72*48     (High)           1.00     1.00     1.00    10.00
H35           110        1     Proaim(5)    120*80    (High)           1.00     1.00     1.00    10.00
------------------------------------------------------------------------------------------------------
Total        5212
Note:  Total wall clock time is less than Total of atomic times if more than one atom
       was calculated at a time
 
Electron Density Critical Point Analysis of Molecular Structure:               
---------------------------------------------------------------                
  NACP = Nuclear Attractor Critical Point                                      
  NNACP = Non-Nuclear Attractor Critical Point                                 
  BCP = Bond Critical Point                                                    
  RCP = Ring Critical Point                                                    
  CCP = Cage Critical Point                                                    
  Rho = Electron Density                                                       
  GradRho = Gradient of Electron Density                                       
  HessRho_EigVals = Eigenvalues of the Hessian of Rho, Ascending Order         
  HessRho_EigVecs = Eigenvectors of the Hessian of Rho                         
  DelSqRho = Laplacian of Rho = Trace of Hessian of Rho                        
  Bond Ellipticity = (HessRho_EigVal(1) / HessRho_EigVal(2)) - 1               
  V = Virial Field = Potential Energy Density = Trace of Stress Tensor         
  G = Lagrangian Form of Kinetic Energy Density                                
  K = Hamiltonian Form of Kinetic Energy Density                               
  L = K - G = Lagrangian Density = (-1/4)DelSqRho                              
  Vnuc = Electrostatic Potential from Nuclei                                   
  Ven = Electron-nuclear attractive contribution to Virial Field V             
  Vrep = V - Ven = Repulsive contribution to Virial Field V                    
  DelSqV = Laplacian of V                                                      
  DelSqVen = Laplacian of Ven                                                  
  DelSqVrep = Laplacian of Vrep                                                
  DelSqG = Laplacian of G                                                      
  DelSqK = Laplacian of K                                                      
  Stress_EigVals = Eigenvalues of Stress Tensor, Ascending Order               
  Stress_EigVecs = Eigenvectors of Stress Tensor                               
  -DivStress = Ehrenfest Force Density = Minus Divergence of Stress Tensor     
  BP = Bond Path                                                               
  BPL = Bond Path Length                                                       
  GBL = Geometric Bond Length                                                  
  GBL_I = Distance Between Nuclear Attractors                                  
  GBL_II = Distance Between Nuclei                                             
  GBL_III = Sum of Distances Between BCP and Nuclear Attractors                
  GBL_IV = Sum of Distances Between BCP and Nuclei                             

CP# 1      Coords =  1.07185190353129E+01 -2.72807961189530E+00 -9.34698281751309E-01
           Type = (3,-3) NACP C1
           Rho =  1.2061107548E+02     Rho at Nucleus =  1.2061107422E+02
           GradRho =  1.1739808449E-10 -4.7230178583E-11 -2.7899007317E-12
           HessRho_EigVals = -2.2217985391E+05 -2.2217805186E+05 -2.2217804180E+05
           HessRho_EigVec1 = -6.6820093537E-01  7.4351708135E-01  2.6265180735E-02
           HessRho_EigVec2 =  3.8576685833E-01  3.7644461458E-01 -8.4230242976E-01
           HessRho_EigVec3 =  6.3615363002E-01  5.5269503517E-01  5.3836489216E-01
           DelSqRho = -6.6653594757E+05
           Bond Ellipticity = NA
           V = -1.6664453216E+05
           G =  5.2726352770E+00
           K =  1.6663925953E+05
           L =  1.6663398689E+05
           Vnuc =  1.7844967937E+06
           Ven = -2.1523007747E+08
           Vrep =  2.1506343293E+08
           DelSqV =  8.1581371695E+09
           DelSqVen =  1.1894312714E+12
           DelSqVrep = -1.1812731343E+12
           DelSqG =  3.0697757278E+08
           DelSqK = -8.4651147422E+09
           Stress_EigVals = -5.5548342750E+04 -5.5548339160E+04 -5.5547850253E+04
           Stress_EigVec1 =  7.4286656815E-01  6.6610151901E-01  6.6768467787E-02
           Stress_EigVec2 = -3.1767385472E-02 -6.4549507044E-02  9.9740873987E-01
           Stress_EigVec3 = -6.6868534838E-01  7.4306266728E-01  2.6791367055E-02
           -DivStress =  5.2427391923E+03 -7.2745436402E+03  1.3682774355E+02

CP# 2      Coords =  8.96374954062321E+00 -6.16818193208757E-01 -9.04594773772168E-01
           Type = (3,-3) NACP N2
           Rho =  1.9567407169E+02     Rho at Nucleus =  1.9567407167E+02
           GradRho = -1.4881388531E-10 -5.5419839524E-11  3.0651930674E-11
           HessRho_EigVals = -4.9026703692E+05 -4.9026669154E+05 -4.9025942180E+05
           HessRho_EigVec1 = -7.7981046039E-01  6.2024228275E-01  8.4824268708E-02
           HessRho_EigVec2 =  5.6568774850E-01  7.5619829765E-01 -3.2887916600E-01
           HessRho_EigVec3 =  2.6812873227E-01  2.0847936427E-01  9.4055480308E-01
           DelSqRho = -1.4707931503E+06
           Bond Ellipticity = NA
           V = -3.6773501641E+05
           G =  1.8364421604E+01
           K =  3.6771665199E+05
           L =  3.6769828757E+05
           Vnuc =  2.4686222877E+07
           Ven = -4.8304537449E+09
           Vrep =  4.8300860099E+09
           DelSqV =  2.4434630215E+10
           DelSqVen =  3.6308281983E+13
           DelSqVrep = -3.6283847353E+13
           DelSqG =  9.2136959147E+08
           DelSqK = -2.5355999807E+10
           Stress_EigVals = -1.2257930899E+05 -1.2257787559E+05 -1.2257783183E+05
           Stress_EigVec1 =  2.6808824211E-01  2.0873880677E-01  9.4050880112E-01
           Stress_EigVec2 =  2.7156430106E-01  9.2028336396E-01 -2.8165823335E-01
           Stress_EigVec3 = -9.2432760687E-01  3.3091787588E-01  1.9003114112E-01
           -DivStress =  6.2690972925E+02  1.9555702084E+03 -9.4138146320E+02

CP# 3      Coords =  9.42988646794728E+00  1.87278608060055E+00 -1.58196668183063E+00
           Type = (3,-3) NACP C3
           Rho =  1.2077442948E+02     Rho at Nucleus =  1.2077442878E+02
           GradRho =  1.1072703930E-10 -9.0479875111E-12  2.1062986424E-12
           HessRho_EigVals = -2.2246686109E+05 -2.2246685643E+05 -2.2246547873E+05
           HessRho_EigVec1 =  2.8396030164E-01  5.1911466705E-01  8.0615538797E-01
           HessRho_EigVec2 = -3.5232395013E-03  8.4132381758E-01 -5.4051995408E-01
           HessRho_EigVec3 =  9.5882956456E-01 -1.5064593070E-01 -2.4073153032E-01
           DelSqRho = -6.6739919625E+05
           Bond Ellipticity = NA
           V = -1.6686029684E+05
           G =  5.2488890073E+00
           K =  1.6685504795E+05
           L =  1.6684979906E+05
           Vnuc =  2.4018846253E+06
           Ven = -2.9008624529E+08
           Vrep =  2.8991938499E+08
           DelSqV =  8.1685543033E+09
           DelSqVen =  1.6030158848E+12
           DelSqVrep = -1.5948473305E+12
           DelSqG =  3.0735683209E+08
           DelSqK = -8.4759111354E+09
           Stress_EigVals = -5.5620480134E+04 -5.5620016026E+04 -5.5619800680E+04
           Stress_EigVec1 =  9.5377793627E-01 -1.9286585066E-01 -2.3045696332E-01
           Stress_EigVec2 =  1.3350998875E-01  9.5899261227E-01 -2.5001650449E-01
           Stress_EigVec3 =  2.6922617109E-01  2.0769191910E-01  9.4041551218E-01
           -DivStress =  1.4477570685E+01  6.5105583658E+03 -1.4387348648E+03

CP# 4      Coords =  7.45659906105074E+00  3.34565529263574E+00 -1.33890515563838E+00
           Type = (3,-3) NACP N4
           Rho =  1.9620724359E+02     Rho at Nucleus =  1.9620722526E+02
           GradRho = -1.9414174999E-10 -1.0534898431E-10 -3.6863324893E-12
           HessRho_EigVals = -4.9157913852E+05 -4.9157859524E+05 -4.9156928339E+05
           HessRho_EigVec1 =  2.4693753771E-01  2.0546221812E-01  9.4699901235E-01
           HessRho_EigVec2 =  9.6555098695E-01  3.0583084653E-02 -2.5841046133E-01
           HessRho_EigVec3 = -8.2055737532E-02  9.7818707406E-01 -1.9083213587E-01
           DelSqRho = -1.4747270172E+06
           Bond Ellipticity = NA
           V = -3.6871605604E+05
           G =  1.7150877682E+01
           K =  3.6869890517E+05
           L =  3.6868175429E+05
           Vnuc =  8.1064575570E+05
           Ven = -1.5905456925E+08
           Vrep =  1.5868585319E+08
           DelSqV =  2.4499108088E+10
           DelSqVen =  1.1954811996E+12
           DelSqVrep = -1.1709820915E+12
           DelSqG =  9.2378050143E+08
           DelSqK = -2.5422888590E+10
           Stress_EigVals = -1.2290675011E+05 -1.2290489226E+05 -1.2290441368E+05
           Stress_EigVec1 = -1.0048247341E-01  9.7752283664E-01 -1.8534394080E-01
           Stress_EigVec2 =  9.5940085463E-01  4.5853554950E-02 -2.7829382248E-01
           Stress_EigVec3 =  2.6353988819E-01  2.0578278682E-01  9.4244372351E-01
           -DivStress = -4.1802690123E+03  6.7614626077E+04 -1.3719596943E+04

CP# 5      Coords =  5.57401756574320E+00  1.76957629592512E+00 -4.48727046784778E-01
           Type = (3,-3) NACP C5
           Rho =  1.2077788538E+02     Rho at Nucleus =  1.2077788530E+02
           GradRho =  1.0357317304E-10  5.2931096355E-10 -1.5501406582E-10
           HessRho_EigVals = -2.2254252849E+05 -2.2254204784E+05 -2.2254138675E+05
           HessRho_EigVec1 =  6.0525787818E-01  7.2237416603E-01 -3.3442258469E-01
           HessRho_EigVec2 =  7.5075930493E-01 -6.5767404376E-01 -6.1849157024E-02
           HessRho_EigVec3 =  2.6461928682E-01  2.1363617768E-01  9.4039152305E-01
           DelSqRho = -6.6762596308E+05
           Bond Ellipticity = NA
           V = -1.6691759626E+05
           G =  5.5527438072E+00
           K =  1.6691204351E+05
           L =  1.6690649077E+05
           Vnuc =  6.8532788195E+06
           Ven = -8.2772452376E+08
           Vrep =  8.2755760616E+08
           DelSqV =  8.1715646071E+09
           DelSqVen =  4.5754279526E+12
           DelSqVrep = -4.5672563880E+12
           DelSqG =  3.0755936759E+08
           DelSqK = -8.4791239747E+09
           Stress_EigVals = -5.5639290874E+04 -5.5639165863E+04 -5.5639139521E+04
           Stress_EigVec1 =  8.7218706455E-01 -4.6508334882E-01 -1.5161531280E-01
           Stress_EigVec2 =  2.9173369421E-01  2.4575074863E-01  9.2439062155E-01
           Stress_EigVec3 =  3.9265910927E-01  8.5047283801E-01 -3.5002110753E-01
           -DivStress = -2.8241642819E+02 -2.2380779926E+03  6.3647431913E+02

CP# 6      Coords =  2.97652277637915E+00  2.26590181935761E+00  1.70350543624357E-01
           Type = (3,-3) NACP C6
           Rho =  1.2079967758E+02     Rho at Nucleus =  1.2079967626E+02
           GradRho = -3.5632387882E-11  3.5664563967E-11  1.1888222611E-12
           HessRho_EigVals = -2.2250080466E+05 -2.2249878744E+05 -2.2249720615E+05
           HessRho_EigVec1 =  2.6393875051E-01  2.2153224820E-01  9.3875438693E-01
           HessRho_EigVec2 =  4.7419195099E-01  8.1772496033E-01 -3.2629416616E-01
           HessRho_EigVec3 =  8.3992757402E-01 -5.3127144875E-01 -1.1078049531E-01
           DelSqRho = -6.6749679824E+05
           Bond Ellipticity = NA
           V = -1.6688417459E+05
           G =  4.9875129693E+00
           K =  1.6687918707E+05
           L =  1.6687419956E+05
           Vnuc =  1.7396868881E+06
           Ven = -2.1015361518E+08
           Vrep =  2.0998673100E+08
           DelSqV =  8.1696798855E+09
           DelSqVen =  1.1612354130E+12
           DelSqVrep = -1.1530657331E+12
           DelSqG =  3.0738132027E+08
           DelSqK = -8.4770612058E+09
           Stress_EigVals = -5.5628691467E+04 -5.5628089590E+04 -5.5627393529E+04
           Stress_EigVec1 =  8.0220567044E-01 -5.9083527477E-01 -8.5905415376E-02
           Stress_EigVec2 =  5.3552569424E-01  7.7566995846E-01 -3.3398854225E-01
           Stress_EigVec3 =  2.6396646211E-01  2.2192294525E-01  9.3865430977E-01
           -DivStress =  4.9889996114E+03  7.0648827771E+03 -3.1554682686E+03

CP# 7      Coords =  1.74287142797666E+00  4.23697897609258E+00  4.41520696472918E-02
           Type = (3,-3) NACP O7
           Rho =  2.9758450611E+02     Rho at Nucleus =  2.9758448139E+02
           GradRho = -8.0565185599E-11 -1.0883448738E-10 -2.6034747275E-12
           HessRho_EigVals = -9.6911279502E+05 -9.6910860073E+05 -9.6909101747E+05
           HessRho_EigVec1 = -5.4508826726E-01  8.3550380643E-01 -6.9369808615E-02
           HessRho_EigVec2 =  2.5362302521E-01  2.4319835795E-01  9.3623176606E-01
           HessRho_EigVec3 =  7.9909582778E-01  4.9273517039E-01 -3.4446757450E-01
           DelSqRho = -2.9073124132E+06
           Bond Ellipticity = NA
           V = -7.2692524910E+05
           G =  4.8572897237E+01
           K =  7.2687667620E+05
           L =  7.2682810331E+05
           Vnuc =  1.1200003528E+06
           Ven = -3.3329475182E+08
           Vrep =  3.3256782657E+08
           DelSqV =  6.2552806960E+10
           DelSqVen =  3.2561909248E+12
           DelSqVrep = -3.1936381178E+12
           DelSqG =  2.3672866317E+09
           DelSqK = -6.4920093592E+10
           Stress_EigVals = -2.4231171524E+05 -2.4230731128E+05 -2.4230622258E+05
           Stress_EigVec1 =  8.0212613501E-01  4.8799833656E-01 -3.4416752759E-01
           Stress_EigVec2 =  2.5482180513E-01  2.4151563336E-01  9.3634184275E-01
           Stress_EigVec3 = -5.4005510011E-01  8.3876565402E-01 -6.9373384512E-02
           -DivStress = -7.0864937158E+04  1.2716584193E+05 -1.0380056685E+04

CP# 8      Coords =  1.78480948770304E+00  2.70200879749902E-02  1.04149396168400E+00
           Type = (3,-3) NACP N8
           Rho =  1.9569012104E+02     Rho at Nucleus =  1.9569012050E+02
           GradRho =  5.2789027789E-09 -6.1767849047E-09 -1.3760099028E-09
           HessRho_EigVals = -4.9031190781E+05 -4.9031002529E+05 -4.9030338748E+05
           HessRho_EigVec1 = -1.8502805593E-01  9.6972439273E-01 -1.5937132947E-01
           HessRho_EigVec2 =  9.4356859963E-01  1.2997641642E-01 -3.0460536596E-01
           HessRho_EigVec3 =  2.7466873925E-01  2.0673832086E-01  9.3905077092E-01
           DelSqRho = -1.4709253206E+06
           Bond Ellipticity = NA
           V = -3.6776832125E+05
           G =  1.8495554197E+01
           K =  3.6774982570E+05
           L =  3.6773133014E+05
           Vnuc =  4.7376626757E+06
           Ven = -9.2711378243E+08
           Vrep =  9.2674601411E+08
           DelSqV =  2.4436830433E+10
           DelSqVen =  6.9687479501E+12
           DelSqVrep = -6.9443111196E+12
           DelSqG =  9.2146021260E+08
           DelSqK = -2.5358290645E+10
           Stress_EigVals = -1.2259043547E+05 -1.2258914485E+05 -1.2258874093E+05
           Stress_EigVec1 =  2.7775258403E-01  2.0590727250E-01  9.3832600795E-01
           Stress_EigVec2 =  9.3797927230E-01  1.5283101192E-01 -3.1118734958E-01
           Stress_EigVec3 = -2.0748105169E-01  9.6656343658E-01 -1.5068754514E-01
           -DivStress = -7.5754488028E+03  8.8352566221E+03  1.9887750612E+03

CP# 9      Coords =  2.85954307461739E+00 -2.32406581628242E+00  1.21983212738348E+00
           Type = (3,-3) NACP C9
           Rho =  1.2072969102E+02     Rho at Nucleus =  1.2072969054E+02
           GradRho = -6.7267419560E-09  2.4034694864E-09  2.4704706128E-09
           HessRho_EigVals = -2.2235710816E+05 -2.2235504363E+05 -2.2235418863E+05
           HessRho_EigVec1 =  2.5687723872E-01  1.7704462778E-01  9.5008909267E-01
           HessRho_EigVec2 = -5.1243996057E-02  9.8418943218E-01 -1.6954413720E-01
           HessRho_EigVec3 =  9.6508452329E-01  5.1343319146E-03 -2.6188833792E-01
           DelSqRho = -6.6706634042E+05
           Bond Ellipticity = NA
           V = -1.6677671254E+05
           G =  5.0637180771E+00
           K =  1.6677164882E+05
           L =  1.6676658510E+05
           Vnuc =  2.9006887941E+06
           Ven = -3.5019926185E+08
           Vrep =  3.5003248513E+08
           DelSqV =  8.1644150426E+09
           DelSqVen =  1.9349518991E+12
           DelSqVrep = -1.9267874841E+12
           DelSqG =  3.0716348467E+08
           DelSqK = -8.4715785272E+09
           Stress_EigVals = -5.5592691846E+04 -5.5592405264E+04 -5.5591615431E+04
           Stress_EigVec1 =  9.6294933064E-01  1.8357747300E-02 -2.6905683366E-01
           Stress_EigVec2 = -6.6871925463E-02  9.8277578324E-01 -1.7227856937E-01
           Stress_EigVec3 =  2.6125989399E-01  1.8388788158E-01  9.4759090055E-01
           -DivStress =  4.9239062683E+03 -1.7156119413E+03 -1.8098151878E+03

CP# 10     Coords =  1.33748806016877E+00 -4.19682450152693E+00  2.11811736201297E+00
           Type = (3,-3) NACP N10
           Rho =  1.9558673980E+02     Rho at Nucleus =  1.9558673761E+02
           GradRho = -9.7528304877E-12  1.0457893232E-10  1.0203266010E-10
           HessRho_EigVals = -4.9003736733E+05 -4.9003570522E+05 -4.9002658343E+05
           HessRho_EigVec1 =  4.6732851578E-01  8.5892306853E-01 -2.0941638112E-01
           HessRho_EigVec2 =  8.6175096901E-01 -4.9546435167E-01 -1.0908869614E-01
           HessRho_EigVec3 =  1.9745714913E-01  1.2948451090E-01  9.7172240671E-01
           DelSqRho = -1.4700996560E+06
           Bond Ellipticity = NA
           V = -3.6756187697E+05
           G =  1.8481487348E+01
           K =  3.6754339548E+05
           L =  3.6752491399E+05
           Vnuc =  2.3407015868E+06
           Ven = -4.5781019222E+08
           Vrep =  4.5744263034E+08
           DelSqV =  2.4423171489E+10
           DelSqVen =  3.4410646241E+12
           DelSqVrep = -3.4166414526E+12
           DelSqG =  9.2091166946E+08
           DelSqK = -2.5344083159E+10
           Stress_EigVals = -1.2252200521E+05 -1.2252012862E+05 -1.2251974313E+05
           Stress_EigVec1 =  2.0423941045E-01  1.3335080006E-01  9.6979576579E-01
           Stress_EigVec2 =  8.7230802689E-01 -4.7438543234E-01 -1.1847855421E-01
           Stress_EigVec3 =  4.4425777364E-01  8.7015862101E-01 -2.1321117431E-01
           -DivStress = -2.9516318251E+03 -1.9033953518E+03  2.3607652300E+04

CP# 11     Coords =  5.23768618048936E+00 -2.79801521218232E+00  6.26963284665404E-01
           Type = (3,-3) NACP N11
           Rho =  1.9603940520E+02     Rho at Nucleus =  1.9603938722E+02
           GradRho =  1.9185238034E-10  1.3334312821E-11  9.0814127052E-12
           HessRho_EigVals = -4.9121189262E+05 -4.9120695551E+05 -4.9120297739E+05
           HessRho_EigVec1 =  8.7165913610E-01  3.6346885662E-01 -3.2878677090E-01
           HessRho_EigVec2 =  2.7045875530E-01  2.0273440195E-01  9.4114335994E-01
           HessRho_EigVec3 = -4.0873269032E-01  9.0927946888E-01 -7.8411959113E-02
           DelSqRho = -1.4736218255E+06
           Bond Ellipticity = NA
           V = -3.6844083939E+05
           G =  1.7691504003E+01
           K =  3.6842314788E+05
           L =  3.6840545638E+05
           Vnuc =  8.1824159705E+05
           Ven = -1.6040759599E+08
           Vrep =  1.6003915515E+08
           DelSqV =  2.4481215367E+10
           DelSqVen =  1.2057786767E+12
           DelSqVrep = -1.1812974614E+12
           DelSqG =  9.2319053434E+08
           DelSqK = -2.5404405901E+10
           Stress_EigVals = -1.2281444984E+05 -1.2281360783E+05 -1.2281278172E+05
           Stress_EigVec1 = -4.1466992846E-01  9.0668276904E-01 -7.7299461583E-02
           Stress_EigVec2 =  2.6957767278E-01  2.0353514573E-01  9.4122331186E-01
           Stress_EigVec3 =  8.6912411586E-01  3.6945879443E-01 -3.2882133514E-01
           -DivStress =  2.7915975865E+04 -6.2301705295E+04  4.8281729735E+03

CP# 12     Coords =  6.47724293810851E+00 -7.01495200008197E-01 -1.69801563945389E-01
           Type = (3,-3) NACP C12
           Rho =  1.2083167714E+02     Rho at Nucleus =  1.2083167578E+02
           GradRho =  7.6034967168E-11 -9.3327819431E-13  1.4063008570E-12
           HessRho_EigVals = -2.2260335416E+05 -2.2260234459E+05 -2.2260114505E+05
           HessRho_EigVec1 =  2.7064559504E-01  2.0337138860E-01  9.4095219867E-01
           HessRho_EigVec2 =  9.4157021471E-01  1.4764116927E-01 -3.0273357248E-01
           HessRho_EigVec3 = -2.0049062985E-01  9.6790607160E-01 -1.5153000992E-01
           DelSqRho = -6.6780684380E+05
           Bond Ellipticity = NA
           V = -1.6696225562E+05
           G =  5.2723354039E+00
           K =  1.6695698329E+05
           L =  1.6695171095E+05
           Vnuc =  1.7167614957E+06
           Ven = -2.0743917077E+08
           Vrep =  2.0727220852E+08
           DelSqV =  8.1736058698E+09
           DelSqVen =  1.1464650752E+12
           DelSqVrep = -1.1382914693E+12
           DelSqG =  3.0758708136E+08
           DelSqK = -8.4811929512E+09
           Stress_EigVals = -5.5654488425E+04 -5.5654140206E+04 -5.5653626990E+04
           Stress_EigVec1 = -6.4515670601E-02  9.7914252939E-01 -1.9265937660E-01
           Stress_EigVec2 =  9.6078438392E-01  8.7715589071E-03 -2.7715776620E-01
           Stress_EigVec3 =  2.6968703316E-01  2.0298513961E-01  9.4131075487E-01
           -DivStress = -6.7557049085E+03  6.4273680250E+03  5.9183729997E+02

CP# 13     Coords = -4.41830169765883E+00  3.99552315768883E+00  1.97789369566686E+00
           Type = (3,-3) NACP C13
           Rho =  1.2063275953E+02     Rho at Nucleus =  1.2063275777E+02
           GradRho =  4.9443313319E-11 -4.4086091196E-11 -2.4183395441E-11
           HessRho_EigVals = -2.2221434826E+05 -2.2221220480E+05 -2.2221190177E+05
           HessRho_EigVec1 =  4.9736475164E-01  7.4226207582E-01  4.4908274808E-01
           HessRho_EigVec2 =  4.6102850104E-01 -6.6464684344E-01  5.8796028329E-01
           HessRho_EigVec3 = -7.3490205133E-01  8.5390774083E-02  6.7277588441E-01
           DelSqRho = -6.6663845483E+05
           Bond Ellipticity = NA
           V = -1.6667016495E+05
           G =  5.2756214423E+00
           K =  1.6666488933E+05
           L =  1.6665961371E+05
           Vnuc =  1.5074912042E+06
           Ven = -1.8185282394E+08
           Vrep =  1.8168615377E+08
           DelSqV =  8.1593586073E+09
           DelSqVen =  1.0049516104E+12
           DelSqVrep = -9.9679225176E+11
           DelSqG =  3.0701673846E+08
           DelSqK = -8.4663753458E+09
           Stress_EigVals = -5.5556972692E+04 -5.5556893493E+04 -5.5556298765E+04
           Stress_EigVec1 = -7.3010822360E-01  8.4685136822E-02  6.7806372078E-01
           Stress_EigVec2 =  4.6336095290E-01 -6.6795687485E-01  5.8234889943E-01
           Stress_EigVec3 =  5.0223362011E-01  7.3936597226E-01  4.4844102164E-01
           -DivStress =  7.8542659668E+03  6.0907227806E+03  3.7139018593E+03

CP# 14     Coords = -6.04079378197902E+00  2.08810950284617E+00  7.65249736613260E-01
           Type = (3,-3) NACP N14
           Rho =  1.9567064014E+02     Rho at Nucleus =  1.9567063993E+02
           GradRho = -1.7708186674E-09 -2.6721443456E-10 -1.1308346457E-09
           HessRho_EigVals = -4.9024883929E+05 -4.9024840129E+05 -4.9024110300E+05
           HessRho_EigVec1 = -7.2383922435E-01  5.5385104176E-01 -4.1146786123E-01
           HessRho_EigVec2 =  4.3107862142E-01  8.2865818910E-01  3.5706697940E-01
           HessRho_EigVec3 = -5.3872813129E-01 -8.1084087032E-02  8.3856864441E-01
           DelSqRho = -1.4707383436E+06
           Bond Ellipticity = NA
           V = -3.6772128180E+05
           G =  1.8347950071E+01
           K =  3.6770293385E+05
           L =  3.6768458590E+05
           Vnuc =  7.6476898537E+06
           Ven = -1.4964283692E+09
           Vrep =  1.4960606479E+09
           DelSqV =  2.4433676332E+10
           DelSqVen =  1.1247750894E+13
           DelSqVrep = -1.1223317217E+13
           DelSqG =  9.2131689324E+08
           DelSqK = -2.5354993226E+10
           Stress_EigVals = -1.2257475407E+05 -1.2257329138E+05 -1.2257323635E+05
           Stress_EigVec1 = -5.3927660345E-01 -8.1279028142E-02  8.3819715137E-01
           Stress_EigVec2 =  6.0661434684E-01  6.5289598390E-01  4.5359218293E-01
           Stress_EigVec3 = -5.8412308564E-01  7.5307406926E-01 -3.0278650403E-01
           -DivStress =  5.9116754085E+03  6.1611583412E+02  4.2293807489E+03

CP# 15     Coords = -5.33970924374769E+00 -4.91479898005779E-01  9.58861884220602E-01
           Type = (3,-3) NACP C15
           Rho =  1.2070593262E+02     Rho at Nucleus =  1.2070593211E+02
           GradRho = -3.2344599770E-09  7.8904559123E-09 -1.1302883119E-09
           HessRho_EigVals = -2.2229072604E+05 -2.2228872656E+05 -2.2228746475E+05
           HessRho_EigVec1 = -5.1860826608E-01 -8.2754062471E-02  8.5099778583E-01
           HessRho_EigVec2 = -1.4908760724E-01  9.8880978931E-01  5.2996161297E-03
           HessRho_EigVec3 =  8.4191350608E-01  1.2412479892E-01  5.2514253548E-01
           DelSqRho = -6.6686691736E+05
           Bond Ellipticity = NA
           V = -1.6672663501E+05
           G =  4.9528377832E+00
           K =  1.6672168218E+05
           L =  1.6671672934E+05
           Vnuc =  2.7992389737E+06
           Ven = -3.3788475094E+08
           Vrep =  3.3771802430E+08
           DelSqV =  8.1619114678E+09
           DelSqVen =  1.8667199365E+12
           DelSqVrep = -1.8585580250E+12
           DelSqG =  3.0703954106E+08
           DelSqK = -8.4689510089E+09
           Stress_EigVals = -5.5576109537E+04 -5.5575620545E+04 -5.5574904933E+04
           Stress_EigVec1 =  8.4381501695E-01  1.0445954888E-01  5.2636909086E-01
           Stress_EigVec2 = -1.3123026860E-01  9.9125786235E-01  1.3655289279E-02
           Stress_EigVec3 = -5.2034107446E-01 -8.0598095331E-02  8.5014652458E-01
           -DivStress =  2.1497171354E+03 -5.2283066172E+03  7.1890642484E+02

CP# 16     Coords = -3.37075915456034E+00 -1.01314658482895E+00  2.12803412398258E+00
           Type = (3,-3) NACP O16
           Rho =  2.9751590182E+02     Rho at Nucleus =  2.9751587974E+02
           GradRho = -1.1466966433E-10  8.9066149204E-12  1.5074701776E-10
           HessRho_EigVals = -9.6892684394E+05 -9.6891958264E+05 -9.6890451193E+05
           HessRho_EigVec1 =  8.5651565522E-01 -2.2587757245E-01  4.6406923474E-01
           HessRho_EigVec2 = -4.9283635950E-01 -9.0913597920E-02  8.6535948627E-01
           HessRho_EigVec3 =  1.5327509624E-01  9.6990413958E-01  1.8918960039E-01
           DelSqRho = -2.9067509385E+06
           Bond Ellipticity = NA
