AIMSum (Version 11.12.19, Professional)
Copyright (c) 1997-2011 by Todd A. Keith
AIMSum is a component of the AIMAll package ( http://aim.tkgristmill.com )

Much of the Quantum Theory of Atoms in Molecules (QTAIM) is described in the book:
  "Atoms in Molecules - A Quantum Theory"
  R.F.W. Bader, Oxford University Press, Oxford, 1990

For additional references see:  http://aim.tkgristmill.com/references.html

Wfx File:  /home4/vemuri/FCHK/CHK-Neutral/GUWWC/chk-Mp2-Spe-GUWWC-Neu-fopt-step39.wfx
Sum File:  /home4/vemuri/FCHK/CHK-Neutral/GUWWC/chk-Mp2-Spe-GUWWC-Neu-fopt-step39.sum

SumViz File:  /home4/vemuri/FCHK/CHK-Neutral/GUWWC/chk-Mp2-Spe-GUWWC-Neu-fopt-step39.sumviz

Wfx Title:  CHK-Mp2-Spe-GUWWC-Neut-from-fopt-step39                                        
 
Total memory allocated for AIMSum =       21.741 Megabytes

Atomic units (a.u.) used throughout, except where stated otherwise

Restricted, closed-shell, single-determinant wavefunction.
  Number of electrons (from MO Occs)                   =         152.0000000000
  Number of Alpha electrons (from MO Occs)             =          76.0000000000
  Number of Beta electrons (from MO Occs)              =          76.0000000000
  Number of electron pairs (N*(N-1)/2)                 =       11476.0000000000
  Number of electron pairs (from Muller 2EDM)          =       11476.0000000000
 
Nuclear Charges and Cartesian Coordinates:
-------------------------------------------------------------------------------
Atom      Charge                X                  Y                  Z
-------------------------------------------------------------------------------
C1         6.0          -1.1240283800E+01   7.1631202900E-01   5.5554168900E-02
N2         7.0          -8.8840296300E+00  -6.9637730800E-01   2.1954838200E-02
C3         6.0          -8.5696680200E+00  -3.2999078000E+00   4.1768616700E-02
N4         7.0          -6.1999231000E+00  -4.0090218700E+00   2.6133022700E-02
C5         6.0          -4.8555794900E+00  -1.7725234300E+00  -3.5148906100E-03
C6         6.0          -2.1904136900E+00  -1.2937707600E+00  -2.5188159600E-02
O7         8.0          -4.0072776500E-01  -2.7964526400E+00  -1.5011984400E-02
N8         7.0          -1.6906151400E+00   1.3340351600E+00  -6.1238465100E-02
C9         6.0          -3.4668481000E+00   3.2134150400E+00  -5.7835068300E-02
N10        7.0          -2.5742302900E+00   5.6419720100E+00  -1.8224896800E-01
N11        7.0          -5.9220955600E+00   2.8026755000E+00  -1.8502308600E-02
C12        6.0          -6.4941610200E+00   3.0428937100E-01  -4.4276283300E-03
C13        6.0           8.2337446300E+00   4.5294581100E+00   5.8689224500E-02
N14        7.0           7.7511388100E+00   1.8038172900E+00   3.3041861400E-02
C15        6.0           5.2453865300E+00   1.0161454300E+00   3.0352781100E-02
O16        8.0           3.5162209700E+00   2.6022417000E+00   5.2216912500E-02
N17        7.0           4.8469283200E+00  -1.5370824500E+00   2.3867241100E-03
C18        6.0           6.7223794600E+00  -3.4404675200E+00  -2.0968401200E-02
O19        8.0           6.1453799400E+00  -5.6738384600E+00  -4.3801962000E-02
C20        6.0           9.2960107100E+00  -2.4531083000E+00  -1.3955627500E-02
C21        6.0           9.6989362300E+00   6.5875853000E-02   1.1907164400E-02
H22        1.0          -1.1440330200E+01   1.7613305800E+00   1.8278205900E+00
H23        1.0          -1.0184565600E+01  -4.5541946300E+00   6.2531037700E-02
H24        1.0          -3.8493097700E+00   7.0039940100E+00   2.1138665500E-01
H25        1.0           1.0844157500E+01  -3.7871037700E+00  -3.0849779100E-02
H26        1.0           1.1581929300E+01   8.7399833600E-01   1.7054778300E-02
H27        1.0          -1.2808450300E+01  -6.1033807700E-01  -1.3202760600E-01
H28        1.0          -1.1289199400E+01   2.0560995100E+00  -1.5151540700E+00
H29        1.0           2.9724674000E+00  -2.1225007100E+00  -2.7703385100E-03
H30        1.0           7.4412180600E+00   5.3858914400E+00   1.7620430100E+00
H31        1.0           1.0271825600E+01   4.8302685000E+00   2.0664155300E-02
H32        1.0           7.3716383400E+00   5.4262333200E+00  -1.5884754400E+00
H33        1.0          -7.6379706700E-01   5.9847475500E+00   3.1383059800E-01
H34        1.0           1.9820014600E-01   1.8015288300E+00  -7.8221433800E-02
 
Some Atomic Properties:
----------------------
  q(A) = Net Charge of Atom A
  L(A) = Lagrangian of Atom A = -(1/4) Times Atomic Integral of the Laplacian of the Electron Density
  K(A) = Electronic Kinetic Energy of Atom A (Hamiltonian Form)
  K_Scaled(A) = K(A) * E(Mol)/K(Mol) = Approximation to Virial-Based Total Energy of Atom A.
  |Mu_Intra(A)| = Magnitude of Intraatomic Dipole Moment of Atom A
--------------------------------------------------------------------------------------------------
Atom A          q(A)              L(A)              K(A)          K_Scaled(A)      |Mu_Intra(A)|
--------------------------------------------------------------------------------------------------
C1        6.8380334310E-01 -9.5820169706E-06  3.7346058542E+01 -3.7409757382E+01  5.2530225230E-01
N2       -1.5730729796E+00 -1.5915924850E-04  5.5384390771E+01 -5.5478856468E+01  1.7018143894E-01
C3        1.3574600079E+00 -1.2894373501E-03  3.6939556049E+01 -3.7002561543E+01  7.4473072243E-01
N4       -1.4045320897E+00  3.4471778858E-04  5.5088436727E+01 -5.5182397634E+01  2.9074256497E-01
C5        5.3797231490E-01 -7.1861747989E-04  3.7568361095E+01 -3.7632439103E+01  5.4769805751E-01
C6        1.6168419556E+00  5.5283508044E-04  3.6747979725E+01 -3.6810658459E+01  8.5178031954E-01
O7       -1.3647997583E+00  5.1373675038E-05  7.5496729637E+01 -7.5625499694E+01  5.5856607763E-01
N8       -1.5558348929E+00  1.0215772256E-04  5.5313505866E+01 -5.5407850659E+01  6.5219614457E-02
C9        1.9345119724E+00  3.0314414463E-03  3.6629466498E+01 -3.6691943092E+01  6.7358784766E-02
N10      -1.4036814690E+00  3.5626860024E-05  5.5077826215E+01 -5.5171769024E+01  8.1060450902E-02
N11      -1.4392932506E+00  4.1583752457E-04  5.5111111067E+01 -5.5205110647E+01  7.4180165022E-02
C12       1.1225507733E+00 -7.2767107929E-04  3.7199983658E+01 -3.7263433347E+01  7.9270457411E-01
C13       6.7038939390E-01  8.9403888620E-06  3.7363931758E+01 -3.7427661083E+01  5.1553546390E-01
N14      -1.5406018058E+00  3.1610737806E-04  5.5343115362E+01 -5.5437510658E+01  1.5946926436E-01
C15       2.2415796674E+00 -1.3579847064E-03  3.6348878892E+01 -3.6410876905E+01  1.8831552567E-01
O16      -1.3892939535E+00  1.1320643865E-04  7.5519471107E+01 -7.5648279953E+01  5.2211137024E-01
N17      -1.5404625013E+00  3.4009954128E-05  5.5295883752E+01 -5.5390198488E+01  7.0107869145E-02
C18       1.6809217006E+00  8.5751874792E-04  3.6708050512E+01 -3.6770661142E+01  8.1180688800E-01
O19      -1.3239959581E+00  3.5314121740E-05  7.5498577585E+01 -7.5627350794E+01  6.2983591501E-01
C20       6.6579767400E-02  2.6249446355E-04  3.7780805041E+01 -3.7845245401E+01  1.3221863104E-01
C21       5.6084866420E-01 -1.0050919438E-04  3.7467430775E+01 -3.7531336632E+01  8.0103381964E-01
H22      -3.3775807100E-02  2.9067740041E-05  6.3482528229E-01 -6.3590806413E-01  1.0151388321E-01
H23       2.1471218710E-02  2.8192974426E-05  6.0893359089E-01 -6.0997221089E-01  1.0113299525E-01
H24       4.9132488688E-01  2.5913509172E-05  3.9523368893E-01 -3.9590781435E-01  1.7019375006E-01
H25       2.4864018760E-02  3.1576620536E-05  6.0284683751E-01 -6.0387507572E-01  1.0523501850E-01
H26       2.3056011230E-02  4.3354869035E-05  6.1304309803E-01 -6.1408872737E-01  9.7198841351E-02
H27      -4.2084362800E-02  4.5748671011E-05  6.3803818082E-01 -6.3912644270E-01  9.7132089007E-02
H28      -2.3217851800E-02  4.0929801440E-05  6.3045607718E-01 -6.3153140674E-01  1.0134896353E-01
H29       6.1502543326E-01 -5.2593815805E-05  3.2660719074E-01 -3.2716426423E-01  1.0457670236E-01
H30      -2.1710030100E-02  4.3499361917E-05  6.3111270066E-01 -6.3218915019E-01  1.0304109437E-01
H31      -5.1116936900E-02  5.6123897842E-05  6.4513760916E-01 -6.4623798010E-01  9.3673422952E-02
H32      -1.6983447400E-02  4.5769556780E-05  6.2929906811E-01 -6.3037242423E-01  1.0306089704E-01
H33       4.9152283019E-01  2.8270577318E-05  3.9556214478E-01 -3.9623683043E-01  1.6650849910E-01
H34       5.8545202232E-01  1.5817450424E-04  3.5027225812E-01 -3.5086969564E-01  1.1026013661E-01
--------------------------------------------------------------------------------------------------
Total     1.7188871500E-03  2.3226487828E-03  1.0283309184E+03 -1.0300848782E+03
 
Note.  Potentially significant integration error for the following atom:  C9      
 
Molecular charge q(Mol) from the wfx file:   0.0000000000E+00
Molecular energy E(Mol) from the wfx file:  -1.0300844294E+03
Molecular virial ratio (-V(Mol)/T(Mol)) from the wfx file:   2.0017056376E+00
Note.  K_Scaled(A) = (1+V(Mol)/T(Mol))*K(A) = E(Mol)/T(Mol)*K(A)
       Use K_Scaled(A) with caution.
 
Note.  Potentially significant cumulative integration error.
 
Some Information About the Atomic Calculations:
----------------------------------------------
  Time(sec) = "Elapsed User Time", in Seconds, for Atom A by AIMInt
  NProc = Number of Processors Used for AIMInt Job
  BIM = Basin Integration Method
  OAQ = Angular Quadrature Outside of Beta Sphere
  ORQ = Multiple of Default for Radial Quadrature Outside of Beta Sphere
  IAQ = Multiple of Default for Angular Quadrature Inside of Beta Sphere
  IRQ = Multiple of Default for Radial Quadrature Inside of Beta Sphere
  MIR = Maximum Integration Radius
------------------------------------------------------------------------------------------------------
Atom A     Time(sec)   NProc      BIM              OAQ                 ORQ      IAQ      IRQ      MIR
------------------------------------------------------------------------------------------------------
C1            135        1     Proaim(5)    120*80    (High)           1.00     1.00     1.00    10.00
N2            236        1     Proaim(5)    120*80    (High)           1.00     1.00     1.00    10.00
C3            186        1     Proaim(5)    120*80    (High)           1.00     1.00     1.00    10.00
N4            239        1     Proaim(5)    120*80    (High)           1.00     1.00     1.00    10.00
C5            252        1     Proaim(5)    120*80    (High)           1.00     1.00     1.00    10.00
C6            242        1     Proaim(5)    120*80    (High)           1.00     1.00     1.00    10.00
O7            277        1     Proaim(5)    120*80    (High)           1.00     1.00     1.00    10.00
N8            318        1     Proaim(5)    120*80    (High)           1.00     1.00     1.00    10.00
C9            223        1     Proaim(5)    120*80    (High)           1.00     1.00     1.00    10.00
N10           283        1     Proaim(5)    120*80    (High)           1.00     1.00     1.00    10.00
N11           245        1     Proaim(5)    120*80    (High)           1.00     1.00     1.00    10.00
C12           214        1     Proaim(5)    120*80    (High)           1.00     1.00     1.00    10.00
C13           171        1     Proaim(5)    120*80    (High)           1.00     1.00     1.00    10.00
N14           274        1     Proaim(5)    120*80    (High)           1.00     1.00     1.00    10.00
C15           228        1     Proaim(5)    120*80    (High)           1.00     1.00     1.00    10.00
O16           298        1     Proaim(5)    120*80    (High)           1.00     1.00     1.00    10.00
N17           268        1     Proaim(5)    120*80    (High)           1.00     1.00     1.00    10.00
C18           185        1     Proaim(5)    120*80    (High)           1.00     1.00     1.00    10.00
O19           153        1     Proaim(5)    96*64     (High)           1.00     1.00     1.00    10.00
C20           208        1     Proaim(5)    120*80    (High)           1.00     1.00     1.00    10.00
C21           205        1     Proaim(5)    120*80    (High)           1.00     1.00     1.00    10.00
H22            50        1     Proaim(5)    72*48     (High)           1.00     1.00     1.00    10.00
H23            46        1     Proaim(5)    72*48     (High)           1.00     1.00     1.00    10.00
H24            34        1     Proaim(5)    72*48     (High)           1.00     1.00     1.00    10.00
H25            42        1     Proaim(5)    72*48     (High)           1.00     1.00     1.00    10.00
H26            50        1     Proaim(5)    72*48     (High)           1.00     1.00     1.00    10.00
H27            43        1     Proaim(5)    72*48     (High)           1.00     1.00     1.00    10.00
H28            55        1     Proaim(5)    72*48     (High)           1.00     1.00     1.00    10.00
H29            92        1     Proaim(5)    120*80    (High)           1.00     1.00     1.00    10.00
H30            59        1     Proaim(5)    72*48     (High)           1.00     1.00     1.00    10.00
H31            50        1     Proaim(5)    72*48     (High)           1.00     1.00     1.00    10.00
H32            60        1     Proaim(5)    72*48     (High)           1.00     1.00     1.00    10.00
H33            54        1     Proaim(5)    72*48     (High)           1.00     1.00     1.00    10.00
H34           133        1     Proaim(5)    120*80    (High)           1.00     1.00     1.00    10.00
------------------------------------------------------------------------------------------------------
Total        5608
Note:  Total wall clock time is less than Total of atomic times if more than one atom
       was calculated at a time
 
Electron Density Critical Point Analysis of Molecular Structure:               
---------------------------------------------------------------                
  NACP = Nuclear Attractor Critical Point                                      
  NNACP = Non-Nuclear Attractor Critical Point                                 
  BCP = Bond Critical Point                                                    
  RCP = Ring Critical Point                                                    
  CCP = Cage Critical Point                                                    
  Rho = Electron Density                                                       
  GradRho = Gradient of Electron Density                                       
  HessRho_EigVals = Eigenvalues of the Hessian of Rho, Ascending Order         
  HessRho_EigVecs = Eigenvectors of the Hessian of Rho                         
  DelSqRho = Laplacian of Rho = Trace of Hessian of Rho                        
  Bond Ellipticity = (HessRho_EigVal(1) / HessRho_EigVal(2)) - 1               
  V = Virial Field = Potential Energy Density = Trace of Stress Tensor         
  G = Lagrangian Form of Kinetic Energy Density                                
  K = Hamiltonian Form of Kinetic Energy Density                               
  L = K - G = Lagrangian Density = (-1/4)DelSqRho                              
  Vnuc = Electrostatic Potential from Nuclei                                   
  Ven = Electron-nuclear attractive contribution to Virial Field V             
  Vrep = V - Ven = Repulsive contribution to Virial Field V                    
  DelSqV = Laplacian of V                                                      
  DelSqVen = Laplacian of Ven                                                  
  DelSqVrep = Laplacian of Vrep                                                
  DelSqG = Laplacian of G                                                      
  DelSqK = Laplacian of K                                                      
  Stress_EigVals = Eigenvalues of Stress Tensor, Ascending Order               
  Stress_EigVecs = Eigenvectors of Stress Tensor                               
  -DivStress = Ehrenfest Force Density = Minus Divergence of Stress Tensor     
  BP = Bond Path                                                               
  BPL = Bond Path Length                                                       
  GBL = Geometric Bond Length                                                  
  GBL_I = Distance Between Nuclear Attractors                                  
  GBL_II = Distance Between Nuclei                                             
  GBL_III = Sum of Distances Between BCP and Nuclear Attractors                
  GBL_IV = Sum of Distances Between BCP and Nuclei                             

CP# 1      Coords = -1.12402809722053E+01  7.16310075094245E-01  5.55541511263847E-02
           Type = (3,-3) NACP C1
           Rho =  1.2061264247E+02     Rho at Nucleus =  1.2061264116E+02
           GradRho = -1.7352863007E-10 -1.2147740915E-11 -1.5941395204E-13
           HessRho_EigVals = -2.2218333249E+05 -2.2218150369E+05 -2.2218146081E+05
           HessRho_EigVec1 =  8.7646637126E-01 -4.8134556094E-01 -1.0637246315E-02
           HessRho_EigVec2 =  2.9829419668E-01  5.2554662358E-01  7.9675675000E-01
           HessRho_EigVec3 = -3.7792495587E-01 -7.0150352629E-01  6.0420652953E-01
           DelSqRho = -6.6654629700E+05
           Bond Ellipticity = NA
           V = -1.6664712082E+05
           G =  5.2732871381E+00
           K =  1.6664184754E+05
           L =  1.6663657425E+05
           Vnuc =  1.7456136120E+06
           Ven = -2.1054307048E+08
           Vrep =  2.1037642336E+08
           DelSqV =  8.1582646369E+09
           DelSqVen =  1.1635322962E+12
           DelSqVrep = -1.1553740316E+12
           DelSqG =  3.0698312188E+08
           DelSqK = -8.4652477588E+09
           Stress_EigVals = -5.5549214769E+04 -5.5549201877E+04 -5.5548704177E+04
           Stress_EigVec1 = -4.1018939123E-01 -7.5791575340E-01  5.0725572847E-01
           Stress_EigVec2 =  2.5128296335E-01  4.4074775822E-01  8.6174142639E-01
           Stress_EigVec3 =  8.7669922759E-01 -4.8094191371E-01 -9.6612618546E-03
           -DivStress = -7.5440021388E+03  5.2089986442E+03  4.7741756280E+01

CP# 2      Coords = -8.88402953835160E+00 -6.96377012823682E-01  2.19549200175230E-02
           Type = (3,-3) NACP N2
           Rho =  1.9567689602E+02     Rho at Nucleus =  1.9567689600E+02
           GradRho = -2.1441072480E-10  1.0497711573E-10  2.2078360136E-11
           HessRho_EigVals = -4.9027525756E+05 -4.9027494750E+05 -4.9026772411E+05
           HessRho_EigVec1 =  9.8029764633E-01 -1.9697761561E-01 -1.4708621825E-02
           HessRho_EigVec2 =  1.9688657291E-01  9.8039823397E-01 -7.4148654979E-03
           HessRho_EigVec3 =  1.5880869387E-02  4.3728450520E-03  9.9986432890E-01
           DelSqRho = -1.4708179292E+06
           Bond Ellipticity = NA
           V = -3.6774120304E+05
           G =  1.8360373067E+01
           K =  3.6772284267E+05
           L =  3.6770448229E+05
           Vnuc =  2.1893994939E+07
           Ven = -4.2841489713E+09
           Vrep =  4.2837812301E+09
           DelSqV =  2.4435043659E+10
           DelSqVen =  3.2202079338E+13
           DelSqVrep = -3.2177644295E+13
           DelSqG =  9.2138729887E+08
           DelSqK = -2.5356430958E+10
           Stress_EigVals = -1.2258136024E+05 -1.2257994666E+05 -1.2257989614E+05
           Stress_EigVec1 =  1.6389352687E-02  4.2775123167E-03  9.9985653571E-01
           Stress_EigVec2 = -2.4038297578E-01  9.7067810310E-01 -2.1239664282E-04
           Stress_EigVec3 =  9.7053975399E-01  2.4034500837E-01 -1.6937026917E-02
           -DivStress = -7.2546478146E+02 -2.3514038409E+03 -6.5298404743E+02

CP# 3      Coords = -8.56966872488386E+00 -3.29990535717974E+00  4.17685976818560E-02
           Type = (3,-3) NACP C3
           Rho =  1.2077893638E+02     Rho at Nucleus =  1.2077893566E+02
           GradRho =  6.8679330108E-11  2.6621945415E-11 -1.4374504191E-13
           HessRho_EigVals = -2.2247463570E+05 -2.2247457547E+05 -2.2247316941E+05
           HessRho_EigVec1 =  2.3382250123E-02 -6.6476300171E-02  9.9751399584E-01
           HessRho_EigVec2 = -2.1438555098E-01  9.7424111024E-01  6.9950658688E-02
           HessRho_EigVec3 =  9.7646920377E-01  2.1548819141E-01 -8.5283910804E-03
           DelSqRho = -6.6742238059E+05
           Bond Ellipticity = NA
           V = -1.6686608428E+05
           G =  5.2445678819E+00
           K =  1.6686083971E+05
           L =  1.6685559515E+05
           Vnuc =  2.3598498293E+06
           Ven = -2.8502015241E+08
           Vrep =  2.8485328632E+08
           DelSqV =  8.1688331175E+09
           DelSqVen =  1.5750166446E+12
           DelSqVrep = -1.5668478115E+12
           DelSqG =  3.0736668786E+08
           DelSqK = -8.4761998054E+09
           Stress_EigVals = -5.5622419172E+04 -5.5621947198E+04 -5.5621717913E+04
           Stress_EigVec1 =  9.8521003299E-01  1.7111354500E-01 -9.0191799494E-03
           Stress_EigVec2 = -1.7112474489E-01  9.8524925371E-01 -4.7931730775E-04
           Stress_EigVec3 =  8.8041226305E-03  2.0156330885E-03  9.9995921149E-01
           -DivStress =  1.8727057436E+03 -6.5227698620E+03  5.1074007478E+01

CP# 4      Coords = -6.19992618970608E+00 -4.00901369669661E+00  2.61329922124999E-02
           Type = (3,-3) NACP N4
           Rho =  1.9621365867E+02     Rho at Nucleus =  1.9621363991E+02
           GradRho =  1.8811041404E-10 -2.1773644314E-10 -3.2404547795E-13
           HessRho_EigVals = -4.9159544092E+05 -4.9159497102E+05 -4.9158557749E+05
           HessRho_EigVec1 = -5.8900084164E-03 -1.6711949363E-04  9.9998263979E-01
           HessRho_EigVec2 =  9.2384675422E-01  3.8272295980E-01  5.5055212021E-03
           HessRho_EigVec3 = -3.8271723572E-01  9.2386314361E-01 -2.0998486526E-03
           DelSqRho = -1.4747759894E+06
           Bond Ellipticity = NA
           V = -3.6872829777E+05
           G =  1.7150204175E+01
           K =  3.6871114756E+05
           L =  3.6869399736E+05
           Vnuc =  8.0113245845E+05
           Ven = -1.5719313076E+08
           Vrep =  1.5682440246E+08
           DelSqV =  2.4499914514E+10
           DelSqVen =  1.1814909148E+12
           DelSqVrep = -1.1569910003E+12
           DelSqG =  9.2381163800E+08
           DelSqK = -2.5423726152E+10
           Stress_EigVals = -1.2291083332E+05 -1.2290896245E+05 -1.2290850200E+05
           Stress_EigVec1 = -4.0209774377E-01  9.1559483962E-01 -1.8692572488E-03
           Stress_EigVec2 =  9.1558076427E-01  4.0207782328E-01 -6.7296447052E-03
           Stress_EigVec3 =  5.4100410787E-03  4.4174309328E-03  9.9997560858E-01
           -DivStress =  2.4740609160E+04 -6.5418550615E+04  2.4415108179E+02

CP# 5      Coords = -4.85557925211520E+00 -1.77252420531449E+00 -3.51489363114785E-03
           Type = (3,-3) NACP C5
           Rho =  1.2078068178E+02     Rho at Nucleus =  1.2078068171E+02
           GradRho =  1.2644345759E-10 -4.1225027484E-10 -1.6105272498E-12
           HessRho_EigVals = -2.2254760951E+05 -2.2254716372E+05 -2.2254654399E+05
           HessRho_EigVec1 =  3.7817542079E-01  9.2565523248E-01 -1.2072352168E-02
           HessRho_EigVec2 =  9.2573135703E-01 -3.7817308374E-01  2.5638528874E-03
           HessRho_EigVec3 =  2.1921948066E-03  1.2145341099E-02  9.9992383959E-01
           DelSqRho = -6.6764131723E+05
           Bond Ellipticity = NA
           V = -1.6692144085E+05
           G =  5.5557701516E+00
           K =  1.6691588508E+05
           L =  1.6691032931E+05
           Vnuc =  7.3983553612E+06
           Ven = -8.9357840460E+08
           Vrep =  8.9341148316E+08
           DelSqV =  8.1717511132E+09
           DelSqVen =  4.9394472714E+12
           DelSqVrep = -4.9312755203E+12
           DelSqG =  3.0756639528E+08
           DelSqK = -8.4793175084E+09
           Stress_EigVals = -5.5640573462E+04 -5.5640436338E+04 -5.5640431047E+04
           Stress_EigVec1 =  9.9355671674E-01 -1.1266376430E-01 -1.2325860664E-02
           Stress_EigVec2 =  3.0626264279E-02  1.6218271104E-01  9.8628535434E-01
           Stress_EigVec3 =  1.0911957920E-01  9.8030793349E-01 -1.6458819211E-01
           -DivStress = -6.3610385198E+02  2.0762551559E+03  8.2064110016E+00

CP# 6      Coords = -2.19041242265914E+00 -1.29376762907677E+00 -2.51882061452408E-02
           Type = (3,-3) NACP C6
           Rho =  1.2080221468E+02     Rho at Nucleus =  1.2080221341E+02
           GradRho =  7.8270472051E-12 -1.0647070304E-11 -2.8358326971E-13
           HessRho_EigVals = -2.2250705129E+05 -2.2250496419E+05 -2.2250341574E+05
           HessRho_EigVec1 =  5.3820160394E-03  1.3863168654E-02  9.9988941711E-01
           HessRho_EigVec2 =  1.8494349401E-01  9.8264040950E-01 -1.4619495240E-02
           HessRho_EigVec3 =  9.8273441882E-01 -1.8500172479E-01 -2.7246835959E-03
           DelSqRho = -6.6751543122E+05
           Bond Ellipticity = NA
           V = -1.6688883861E+05
           G =  4.9904026824E+00
           K =  1.6688384821E+05
           L =  1.6687885781E+05
           Vnuc =  1.7762152061E+06
           Ven = -2.1457073065E+08
           Vrep =  2.1440384181E+08
           DelSqV =  8.1699120777E+09
           DelSqVen =  1.1856510689E+12
           DelSqVrep = -1.1774811569E+12
           DelSqG =  3.0739202906E+08
           DelSqK = -8.4773041067E+09
           Stress_EigVals = -5.5630239030E+04 -5.5629660381E+04 -5.5628939200E+04
           Stress_EigVec1 =  9.6431622126E-01 -2.6474790756E-01 -1.6645897054E-03
           Stress_EigVec2 =  2.6469775455E-01  9.6422403060E-01 -1.4391579185E-02
           Stress_EigVec3 =  5.4151778707E-03  1.3437420100E-02  9.9989505029E-01
           -DivStress = -3.3991711731E+03 -8.3521940087E+03  1.2434523444E+02

CP# 7      Coords = -4.00732580681494E-01 -2.79644754838396E+00 -1.50120189043218E-02
           Type = (3,-3) NACP O7
           Rho =  2.9755918852E+02     Rho at Nucleus =  2.9755916472E+02
           GradRho = -1.6059107679E-11  1.6172214891E-10  6.6511704998E-13
           HessRho_EigVals = -9.6904801278E+05 -9.6904223872E+05 -9.6902636283E+05
           HessRho_EigVec1 =  7.9039709566E-01 -6.1255183539E-01  7.2581084447E-03
           HessRho_EigVec2 =  2.7100994130E-03  1.5344467894E-02  9.9987859396E-01
           HessRho_EigVec3 =  6.1258883971E-01  7.9028146648E-01 -1.3788299227E-02
           DelSqRho = -2.9071166143E+06
           Bond Ellipticity = NA
           V = -7.2687647760E+05
           G =  4.8662008794E+01
           K =  7.2682781559E+05
           L =  7.2677915358E+05
           Vnuc =  1.1415220642E+06
           Ven = -3.3967037908E+08
           Vrep =  3.3894350261E+08
           DelSqV =  6.2548751499E+10
           DelSqVen =  3.3185377618E+12
           DelSqVrep = -3.2559890103E+12
           DelSqG =  2.3671705113E+09
           DelSqK = -6.4915922010E+10
           Stress_EigVals = -2.4229529527E+05 -2.4229131553E+05 -2.4228986681E+05
           Stress_EigVec1 =  6.2334797744E-01  7.8182387412E-01 -1.3737863210E-02
           Stress_EigVec2 =  3.2752373573E-03  1.4958151494E-02  9.9988275639E-01
           Stress_EigVec3 =  7.8193770330E-01 -6.2331988863E-01  6.7634747210E-03
           -DivStress =  9.8419946039E+04 -1.0401075719E+05  7.0495936211E+02

CP# 8      Coords = -1.69061661587551E+00  1.33403573004805E+00 -6.12383885465209E-02
           Type = (3,-3) NACP N8
           Rho =  1.9568823572E+02     Rho at Nucleus =  1.9568823510E+02
           GradRho = -1.6984983535E-11 -2.5727737882E-11  1.5186328215E-12
           HessRho_EigVals = -4.9030697481E+05 -4.9030485745E+05 -4.9029860069E+05
           HessRho_EigVec1 = -4.4255188609E-01  8.9674184344E-01 -1.3763524546E-03
           HessRho_EigVec2 =  8.9667907528E-01  4.4250155518E-01 -1.2609901795E-02
           HessRho_EigVec3 =  1.0698788479E-02  6.8146822689E-03  9.9991954478E-01
           DelSqRho = -1.4709104330E+06
           Bond Ellipticity = NA
           V = -3.6776461114E+05
           G =  1.8501449271E+01
           K =  3.6774610969E+05
           L =  3.6772760824E+05
           Vnuc =  4.4192447096E+06
           Ven = -8.6479420044E+08
           Vrep =  8.6442643583E+08
           DelSqV =  2.4436585663E+10
           DelSqVen =  6.5003133338E+12
           DelSqVrep = -6.4758767481E+12
           DelSqG =  9.2145039189E+08
           DelSqK = -2.5358036055E+10
           Stress_EigVals = -1.2258915496E+05 -1.2258795396E+05 -1.2258750221E+05
           Stress_EigVec1 =  1.1596052259E-02  6.0157140207E-03  9.9991466774E-01
           Stress_EigVec2 =  8.9595461783E-01  4.4395351555E-01 -1.3061348513E-02
           Stress_EigVec3 = -4.4399420533E-01  8.9602962407E-01 -2.4169858938E-04
           -DivStress =  1.1791415293E+04 -4.5503597632E+03 -6.1361432296E+02

CP# 9      Coords = -3.46684594540498E+00  3.21341538840129E+00 -5.78353560013048E-02
           Type = (3,-3) NACP C9
           Rho =  1.2072493046E+02     Rho at Nucleus =  1.2072492992E+02
           GradRho =  9.0043019083E-09  1.4703166292E-09 -1.1889073476E-09
           HessRho_EigVals = -2.2234823997E+05 -2.2234629784E+05 -2.2234541588E+05
           HessRho_EigVec1 =  2.2478163724E-03 -2.1201828224E-02  9.9977268907E-01
           HessRho_EigVec2 = -3.0082577198E-01  9.5345016591E-01  2.0895837585E-02
           HessRho_EigVec3 =  9.5367646623E-01  3.0080436100E-01  4.2348754496E-03
           DelSqRho = -6.6703995369E+05
           Bond Ellipticity = NA
           V = -1.6677013457E+05
           G =  5.0730763078E+00
           K =  1.6676506150E+05
           L =  1.6675998842E+05
           Vnuc =  2.7254855039E+06
           Ven = -3.2903404794E+08
           Vrep =  3.2886727781E+08
           DelSqV =  8.1640951791E+09
           DelSqVen =  1.8180077158E+12
           DelSqVrep = -1.8098436207E+12
           DelSqG =  3.0715128471E+08
           DelSqK = -8.4712464638E+09
           Stress_EigVals = -5.5590492864E+04 -5.5590200649E+04 -5.5589441061E+04
           Stress_EigVec1 =  9.5203729769E-01  3.0597825482E-01 -1.5137296478E-03
           Stress_EigVec2 = -3.0594444646E-01  9.5198631141E-01  1.0957124075E-02
           Stress_EigVec3 =  4.7936916062E-03 -9.9684736154E-03  9.9993882316E-01
           -DivStress = -5.7464232458E+03 -9.3016745084E+02  7.7064840477E+02

CP# 10     Coords = -2.57423066342577E+00  5.64197088123040E+00 -1.82245478046557E-01
           Type = (3,-3) NACP N10
           Rho =  1.9560283862E+02     Rho at Nucleus =  1.9560283529E+02
           GradRho =  9.3433585521E-11 -2.1183048371E-11  6.3099248049E-12
           HessRho_EigVals = -4.9007287052E+05 -4.9007158694E+05 -4.9006182052E+05
           HessRho_EigVec1 =  3.3254451673E-01  9.3586422082E-01  1.1650023429E-01
           HessRho_EigVec2 =  9.4017204503E-01 -3.3868319579E-01  3.7016464429E-02
           HessRho_EigVec3 = -7.4099056299E-02 -9.7220641243E-02  9.9250061802E-01
           DelSqRho = -1.4702062780E+06
           Bond Ellipticity = NA
           V = -3.6758841263E+05
           G =  1.8421564626E+01
           K =  3.6756999106E+05
           L =  3.6755156950E+05
           Vnuc =  1.8986255593E+06
           Ven = -3.7137654888E+08
           Vrep =  3.7100896047E+08
           DelSqV =  2.4424895816E+10
           DelSqVen =  2.7913711944E+12
           DelSqVrep = -2.7669462986E+12
           DelSqG =  9.2096901694E+08
           DelSqK = -2.5345864833E+10
           Stress_EigVals = -1.2253092202E+05 -1.2252888423E+05 -1.2252860637E+05
           Stress_EigVec1 = -7.4990431864E-02 -9.0088767257E-02  9.9310646415E-01
           Stress_EigVec2 =  9.4686495493E-01 -3.1880054468E-01  4.2578983565E-02
           Stress_EigVec3 =  3.1276699355E-01  9.4353072379E-01  1.0920888707E-01
           -DivStress =  2.9824243561E+03  9.0051663780E+03 -2.7853211759E+04

CP# 11     Coords = -5.92208975510493E+00  2.80266919098334E+00 -1.85023842692717E-02
           Type = (3,-3) NACP N11
           Rho =  1.9604870039E+02     Rho at Nucleus =  1.9604868233E+02
           GradRho = -3.7309363281E-11 -8.1240443409E-11  3.9660635887E-13
           HessRho_EigVals = -4.9123422926E+05 -4.9122963023E+05 -4.9122525379E+05
           HessRho_EigVec1 =  7.4030752217E-01  6.7209164066E-01 -1.5414252284E-02
           HessRho_EigVec2 =  9.1927043593E-03  1.2806153523E-02  9.9987574059E-01
           HessRho_EigVec3 = -6.7220552423E-01  7.4035723066E-01 -3.3021520285E-03
           DelSqRho = -1.4736891133E+06
           Bond Ellipticity = NA
           V = -3.6845764759E+05
           G =  1.7684633391E+01
           K =  3.6843996295E+05
           L =  3.6842227832E+05
           Vnuc =  8.1648398702E+05
           Ven = -1.6007062454E+08
           Vrep =  1.5970216690E+08
           DelSqV =  2.4482317799E+10
           DelSqVen =  1.2032435620E+12
           DelSqVrep = -1.1787612442E+12
           DelSqG =  9.2323100079E+08
           DelSqK = -2.5405548800E+10
           Stress_EigVals = -1.2282008911E+05 -1.2281914834E+05 -1.2281841014E+05
           Stress_EigVec1 = -6.7605621470E-01  7.3683357190E-01 -4.9276655185E-03
           Stress_EigVec2 =  8.6332158166E-03  1.4607769920E-02  9.9985602996E-01
           Stress_EigVec3 =  7.3679947214E-01  6.7591634126E-01 -1.6236916885E-02
           -DivStress = -4.6439876142E+04  5.0474953701E+04  6.0395770627E+02

CP# 12     Coords = -6.49416413685791E+00  3.04290893574292E-01 -4.42760346394690E-03
           Type = (3,-3) NACP C12
           Rho =  1.2083030140E+02     Rho at Nucleus =  1.2083030007E+02
           GradRho =  4.3850534200E-11  3.3702078129E-12  1.5156279010E-14
           HessRho_EigVals = -2.2260087791E+05 -2.2259987122E+05 -2.2259869233E+05
           HessRho_EigVec1 =  1.2304912909E-02  8.6464591445E-03  9.9988690754E-01
           HessRho_EigVec2 =  8.6008976290E-01  5.0992232574E-01 -1.4994047896E-02
           HessRho_EigVec3 = -5.0999430279E-01  8.6017699368E-01 -1.1621811870E-03
           DelSqRho = -6.6779944147E+05
           Bond Ellipticity = NA
           V = -1.6696041970E+05
           G =  5.2796659108E+00
           K =  1.6695514003E+05
           L =  1.6694986037E+05
           Vnuc =  1.7296515821E+06
           Ven = -2.0899432199E+08
           Vrep =  2.0882736157E+08
           DelSqV =  8.1735168332E+09
           DelSqVen =  1.1550603715E+12
           DelSqVrep = -1.1468868546E+12
           DelSqG =  3.0758379517E+08
           DelSqK = -8.4811006283E+09
           Stress_EigVals = -5.5653868615E+04 -5.5653534387E+04 -5.5653016697E+04
           Stress_EigVec1 = -3.7948229247E-01  9.2519551039E-01 -2.5411119592E-03
           Stress_EigVec2 =  9.2514002511E-01  3.7942566110E-01 -1.2332949552E-02
           Stress_EigVec3 =  1.0446226471E-02  7.0310203507E-03  9.9992071741E-01
           -DivStress =  8.3310953332E+03 -4.0740811775E+03 -6.5713979967E+01

CP# 13     Coords =  8.23374435291722E+00  4.52945464693660E+00  5.86892125388945E-02
           Type = (3,-3) NACP C13
           Rho =  1.2062294287E+02     Rho at Nucleus =  1.2062294152E+02
           GradRho =  1.9150611081E-10 -4.7302437416E-11  7.9047850412E-14
           HessRho_EigVals = -2.2219781672E+05 -2.2219582995E+05 -2.2219581092E+05
           HessRho_EigVec1 =  2.4263193253E-01  9.7007550190E-01  9.1250161804E-03
           HessRho_EigVec2 =  7.2537351126E-01 -1.7516605345E-01 -6.6569521771E-01
           HessRho_EigVec3 =  6.4417622936E-01 -1.6813796218E-01  7.4616795107E-01
           DelSqRho = -6.6658945760E+05
           Bond Ellipticity = NA
           V = -1.6665789900E+05
           G =  5.2672991385E+00
           K =  1.6665263170E+05
           L =  1.6664736440E+05
           Vnuc =  1.7270587849E+06
           Ven = -2.0832291314E+08
           Vrep =  2.0815625524E+08
           DelSqV =  8.1587704508E+09
           DelSqVen =  1.1512392069E+12
           DelSqVrep = -1.1430804365E+12
           DelSqG =  3.0699666447E+08
           DelSqK = -8.4657671152E+09
           Stress_EigVals = -5.5552817612E+04 -5.5552812440E+04 -5.5552268945E+04
           Stress_EigVec1 =  7.1773166071E-01 -1.8517605117E-01  6.7124592609E-01
           Stress_EigVec2 = -6.5288672345E-01  1.5616563516E-01  7.4118231275E-01
           Stress_EigVec3 =  2.4207476027E-01  9.7021756553E-01  8.8139646443E-03
           -DivStress =  7.4291210115E+02  9.2351740388E+03  3.2116624768E+01

CP# 14     Coords =  7.75113871095890E+00  1.80381673205289E+00  3.30418614610062E-02
           Type = (3,-3) NACP N14
           Rho =  1.9561824598E+02     Rho at Nucleus =  1.9561824590E+02
           GradRho = -1.7925608511E-10 -4.9565501079E-10  1.1930608055E-12
           HessRho_EigVals = -4.9014412485E+05 -4.9014379634E+05 -4.9013441699E+05
           HessRho_EigVec1 =  9.9993252801E-01  1.1396497220E-02 -2.2492846271E-03
           HessRho_EigVec2 = -1.1373565575E-02  9.9988574021E-01  9.9573351745E-03
           HessRho_EigVec3 =  2.3625063669E-03 -9.9310809470E-03  9.9994789474E-01
           DelSqRho = -1.4704223382E+06
           Bond Ellipticity = NA
           V = -3.6764260672E+05
           G =  1.8511086492E+01
           K =  3.6762409563E+05
           L =  3.6760558454E+05
           Vnuc =  1.2352905100E+07
           Ven = -2.4164536284E+09
           Vrep =  2.4160859858E+09
           DelSqV =  2.4428616502E+10
           DelSqVen =  1.8163990266E+13
           DelSqVrep = -1.8139561649E+13
           DelSqG =  9.2116908526E+08
           DelSqK = -2.5349785588E+10
           Stress_EigVals = -1.2254885884E+05 -1.2254690666E+05 -1.2254684122E+05
           Stress_EigVec1 =  2.4825018501E-03 -9.8673383723E-03  9.9994823507E-01
           Stress_EigVec2 = -3.6481298667E-01  9.3102611011E-01  1.0092921036E-02
           Stress_EigVec3 =  9.3107750587E-01  3.6481915785E-01  1.2884591412E-03
           -DivStress =  7.9392674694E+02  4.4478835163E+03  8.4777582763E-01

CP# 15     Coords =  5.24538815553654E+00  1.01614456969719E+00  3.03527684240282E-02
           Type = (3,-3) NACP C15
           Rho =  1.2068686789E+02     Rho at Nucleus =  1.2068686751E+02
           GradRho =  4.8488413793E-09 -2.5589681876E-09 -3.7557975136E-11
           HessRho_EigVals = -2.2225190566E+05 -2.2224959053E+05 -2.2224874741E+05
           HessRho_EigVec1 =  2.5386189815E-03 -1.0898598492E-02  9.9993738602E-01
           HessRho_EigVec2 =  7.4710837538E-01  6.6468073274E-01  5.3477997757E-03
           HessRho_EigVec3 = -6.6469739796E-01  7.4704801992E-01  9.8298053381E-03
           DelSqRho = -6.6675024359E+05
           Bond Ellipticity = NA
           V = -1.6669752957E+05
           G =  4.9843350699E+00
           K =  1.6669254523E+05
           L =  1.6668756090E+05
           Vnuc =  3.2623154960E+06
           Ven = -3.9371863927E+08
           Vrep =  3.9355194174E+08
           DelSqV =  8.1604877457E+09
           DelSqVen =  2.1751495721E+12
           DelSqVrep = -2.1669890844E+12
           DelSqG =  3.0698077693E+08
           DelSqK = -8.4674685226E+09
           Stress_EigVals = -5.5566345103E+04 -5.5566004384E+04 -5.5565180081E+04
           Stress_EigVec1 = -6.5070641409E-01  7.5926372604E-01  9.9878417504E-03
           Stress_EigVec2 =  7.5932547346E-01  6.5068913110E-01  5.3366675003E-03
           Stress_EigVec3 =  2.4470420192E-03 -1.1056626438E-02  9.9993587944E-01
           -DivStress = -4.3201283293E+03  2.2838135673E+03  3.3630573233E+01

CP# 16     Coords =  3.51622582911535E+00  2.60223673769977E+00  5.22168417782557E-02
           Type = (3,-3) NACP O16
           Rho =  2.9752411749E+02     Rho at Nucleus =  2.9752409412E+02
           GradRho = -6.7753997151E-11 -1.5277475638E-10 -2.0782842949E-12
           HessRho_EigVals = -9.6895815671E+05 -9.6894970205E+05 -9.6893613459E+05
           HessRho_EigVec1 =  7.4773693758E-01 -6.6393651535E-01 -8.8190568314E-03
           HessRho_EigVec2 =  4.2684879349E-03 -8.4751380995E-03  9.9995497501E-01
           HessRho_EigVec3 =  6.6398136434E-01  7.4774091477E-01  3.5031688028E-03
           DelSqRho = -2.9068439933E+06
           Bond Ellipticity = NA
           V = -7.2680859754E+05
           G =  4.8799603359E+01
           K =  7.2675979794E+05
           L =  7.2671099834E+05
