AIMSum (Version 11.12.19, Professional)
Copyright (c) 1997-2011 by Todd A. Keith
AIMSum is a component of the AIMAll package ( http://aim.tkgristmill.com )

Much of the Quantum Theory of Atoms in Molecules (QTAIM) is described in the book:
  "Atoms in Molecules - A Quantum Theory"
  R.F.W. Bader, Oxford University Press, Oxford, 1990

For additional references see:  http://aim.tkgristmill.com/references.html

Wfx File:  /home4/vemuri/FCHK/CHK-N3Prot/chk-Mp2-Spe-GGWHC-N3-prot-fopt-51.wfx
Sum File:  /home4/vemuri/FCHK/CHK-N3Prot/chk-Mp2-Spe-GGWHC-N3-prot-fopt-51.sum

SumViz File:  /home4/vemuri/FCHK/CHK-N3Prot/chk-Mp2-Spe-GGWHC-N3-prot-fopt-51.sumviz

Wfx Title:  CHK-Mp2-Spe-GGWHC-N3-Prot-from-fopt-step-51                                    
 
Total memory allocated for AIMSum =       27.857 Megabytes

Atomic units (a.u.) used throughout, except where stated otherwise

Restricted, closed-shell, single-determinant wavefunction.
  Number of electrons (from MO Occs)                   =         172.0000000000
  Number of Alpha electrons (from MO Occs)             =          86.0000000000
  Number of Beta electrons (from MO Occs)              =          86.0000000000
  Number of electron pairs (N*(N-1)/2)                 =       14706.0000000000
  Number of electron pairs (from Muller 2EDM)          =       14706.0000000000
 
Nuclear Charges and Cartesian Coordinates:
-------------------------------------------------------------------------------
Atom      Charge                X                  Y                  Z
-------------------------------------------------------------------------------
C1         6.0           1.1793244100E+01   3.4212297400E+00   2.4496705600E-02
N2         7.0           1.0399648600E+01   1.0404469600E+00   7.3379922700E-03
C3         6.0           1.1405649900E+01  -1.3958711400E+00  -9.0005798800E-03
N4         7.0           9.6794039300E+00  -3.1600665100E+00  -2.2187088800E-02
C5         6.0           7.4146182000E+00  -1.8842292100E+00  -1.4613066500E-02
C6         6.0           4.8516393300E+00  -2.8426755800E+00  -2.1599384000E-02
O7         8.0           4.0948379800E+00  -4.9935391700E+00  -3.7038446500E-02
N8         7.0           3.0207555200E+00  -7.7622222500E-01  -6.1773290300E-03
C9         6.0           3.5000222400E+00   1.7085597600E+00   9.4110218400E-03
N10        7.0           1.6592854000E+00   3.4303232900E+00   2.0675679300E-02
N11        7.0           5.9595329400E+00   2.4966983500E+00   1.4226044000E-02
C12        6.0           7.8510523900E+00   6.8759923400E-01   3.5188557600E-03
C13        6.0          -1.0369318400E+01   4.8767482400E+00  -2.0257678400E-02
N14        7.0          -7.9443179200E+00   3.5553912100E+00  -1.4783141800E-02
C15        6.0          -5.5650638900E+00   4.6082766500E+00  -1.7806703700E-02
N16        7.0          -3.7434718600E+00   2.9114008100E+00  -1.2182878700E-02
C17        6.0          -4.9927774100E+00   6.1778353600E-01  -5.9770180600E-03
C18        6.0          -4.0347354400E+00  -1.8944184000E+00   9.7379444600E-03
O19        8.0          -1.8168205800E+00  -2.6373680500E+00   2.1374878000E-02
N20        7.0          -6.0118312000E+00  -3.6810750600E+00   1.9281061400E-02
C21        6.0          -8.5609980400E+00  -3.1198112300E+00   1.0786742500E-02
N22        7.0          -1.0198525100E+01  -5.0883408000E+00   8.5935481600E-02
N23        7.0          -9.4386246100E+00  -7.8632825300E-01  -9.8906408800E-03
C24        6.0          -7.6029162700E+00   9.8209443600E-01  -6.3474043800E-03
H25        1.0           1.1360050900E+01   4.5141604200E+00   1.7256867500E+00
H26        1.0           1.3427959200E+01  -1.6904341200E+00  -9.8641847200E-03
H27        1.0           2.1085451400E+00   5.2843543800E+00   3.5474124700E-02
H28        1.0          -5.3009236000E+00   6.6345336000E+00  -2.3562809500E-02
H29        1.0          -9.6520711800E+00  -6.8764091300E+00  -2.7790293900E-01
H30        1.0           1.3808385700E+01   2.9920256600E+00   2.8085295500E-02
H31        1.0           1.1369756500E+01   4.5332202000E+00  -1.6667609400E+00
H32        1.0          -1.0015773300E+01   6.9068054300E+00  -6.5439359000E-03
H33        1.0          -1.1442235000E+01   4.3763827900E+00  -1.7105836900E+00
H34        1.0          -1.1458824900E+01   4.3567353100E+00   1.6532441000E+00
H35        1.0          -1.2052811300E+01  -4.6748346800E+00  -8.6513366400E-02
H36        1.0          -2.6983208300E-01   3.0178528000E+00   6.7616258000E-03
H37        1.0           1.1401832100E+00  -1.3747608200E+00  -8.5586024300E-04
H38        1.0          -5.4196269700E+00  -5.5041071000E+00   8.5861782300E-02
H39        1.0           6.3575886700E+00   4.3644223900E+00   2.3039726700E-02
 
Some Atomic Properties:
----------------------
  q(A) = Net Charge of Atom A
  L(A) = Lagrangian of Atom A = -(1/4) Times Atomic Integral of the Laplacian of the Electron Density
  K(A) = Electronic Kinetic Energy of Atom A (Hamiltonian Form)
  K_Scaled(A) = K(A) * E(Mol)/K(Mol) = Approximation to Virial-Based Total Energy of Atom A.
  |Mu_Intra(A)| = Magnitude of Intraatomic Dipole Moment of Atom A
--------------------------------------------------------------------------------------------------
Atom A          q(A)              L(A)              K(A)          K_Scaled(A)      |Mu_Intra(A)|
--------------------------------------------------------------------------------------------------
C1        6.4372419890E-01 -1.4515633055E-04  3.7366553028E+01 -3.7429935354E+01  5.2296272418E-01
N2       -1.5430410089E+00  4.9649734161E-04  5.5343996711E+01 -5.5437872945E+01  1.3974035705E-01
C3        1.3477079738E+00  1.0502166229E-03  3.6945033032E+01 -3.7007700363E+01  7.9017072702E-01
N4       -1.3667467505E+00  1.5550862400E-04  5.5093944142E+01 -5.5187396229E+01  3.2030361305E-01
C5        6.0533020980E-01 -6.0183380877E-04  3.7539818434E+01 -3.7603494659E+01  5.3061795618E-01
C6        1.6615571080E+00  4.7025045500E-04  3.6705570999E+01 -3.6767832147E+01  8.2860255264E-01
O7       -1.2931924861E+00  5.0565141887E-05  7.5525989189E+01 -7.5654098756E+01  6.9534661021E-01
N8       -1.4896018751E+00  8.9221628783E-05  5.5238888205E+01 -5.5332586151E+01  8.7199941161E-02
C9        2.0245925812E+00 -1.5675337634E-03  3.6548861435E+01 -3.6610856767E+01  3.2364724793E-02
N10      -1.4815951060E+00  9.0442410932E-05  5.5155907598E+01 -5.5249464789E+01  1.2698463624E-01
N11      -1.5311368640E+00  3.3853429322E-04  5.5295188797E+01 -5.5388982242E+01  1.1652680684E-01
C12       1.0490727945E+00 -2.7190355376E-04  3.7235716965E+01 -3.7298877363E+01  8.8840521597E-01
C13       6.4667591340E-01  4.3255861897E-04  3.7369778204E+01 -3.7433166001E+01  5.3318752914E-01
N14      -1.5666945046E+00 -9.0981337942E-04  5.5380638109E+01 -5.5474576496E+01  1.7998855604E-01
C15       1.3720747584E+00  1.0404491579E-03  3.6934323810E+01 -3.6996972976E+01  7.7313871572E-01
N16      -1.4815567062E+00  2.3285846096E-04  5.5137924129E+01 -5.5231450817E+01  2.5023600236E-01
C17       5.2221280700E-01 -8.9531337992E-04  3.7599375275E+01 -3.7663152522E+01  5.7142483244E-01
C18       1.6217329902E+00  1.3384042812E-03  3.6754300296E+01 -3.6816644100E+01  8.4681992545E-01
O19      -1.3710010149E+00  5.6068667161E-05  7.5513993779E+01 -7.5642082998E+01  5.5321477972E-01
N20      -1.4966680475E+00  1.8105302479E-04  5.5261131977E+01 -5.5354867654E+01  1.1737281675E-01
C21       1.9377596972E+00  5.8855516022E-04  3.6616027688E+01 -3.6678136950E+01  9.4868991451E-02
N22      -1.4311839344E+00 -5.3960593086E-05  5.5116332616E+01 -5.5209822679E+01  1.2726920680E-01
N23      -1.3936929699E+00  4.5905670077E-04  5.5097495388E+01 -5.5190953498E+01  4.4233611442E-02
C24       1.1616003551E+00  2.8988228629E-04  3.7186924061E+01 -3.7250001695E+01  7.5250600915E-01
H25      -2.5917554900E-02  2.5879326078E-05  6.3069825881E-01 -6.3176806910E-01  9.7423975231E-02
H26       7.1821544290E-02  3.0401539444E-05  5.8669190962E-01 -5.8768707496E-01  1.0135644072E-01
H27       4.8941282279E-01  2.3837251625E-05  3.9750274123E-01 -3.9817699792E-01  1.6718237995E-01
H28       5.2657064360E-02  2.4050079629E-05  5.9625587251E-01 -5.9726726055E-01  9.9060784121E-02
H29       4.9952387090E-01  2.0244174096E-05  3.9143735008E-01 -3.9210131847E-01  1.6519560454E-01
H30       1.4491200770E-02  4.2529797438E-05  6.1364281359E-01 -6.1468369390E-01  9.7150928390E-02
H31      -2.5899454400E-02  2.5792518125E-05  6.3069745620E-01 -6.3176726513E-01  9.7440151924E-02
H32      -2.3271923500E-02  4.5284854940E-05  6.3034773077E-01 -6.3141694648E-01  9.5803082804E-02
H33      -2.8603122000E-03  3.5836972850E-05  6.2186715463E-01 -6.2292198533E-01  9.8525046617E-02
H34      -1.5415762000E-03  3.7696728346E-05  6.2130471997E-01 -6.2235859665E-01  9.8482740302E-02
H35       5.1988207497E-01  2.5188304167E-05  3.8012612869E-01 -3.8077091063E-01  1.5920051037E-01
H36       6.2561166255E-01  1.1959241789E-04  3.1315019371E-01 -3.1368136895E-01  1.0566690755E-01
H37       6.3407489322E-01 -2.3893763677E-05  3.1686754062E-01 -3.1740502135E-01  9.5291405853E-02
H38       5.1404486866E-01  3.4123818073E-05  3.8461707786E-01 -3.8526947748E-01  1.5895691683E-01
H39       5.1234600945E-01  3.9669593762E-05  3.8705032295E-01 -3.8770684992E-01  1.5872654567E-01
--------------------------------------------------------------------------------------------------
Total     1.0023053102E+00  3.4208416805E-03  1.1554659711E+03 -1.1574259090E+03
 
Molecular charge q(Mol) from the wfx file:   1.0000000000E+00
Molecular energy E(Mol) from the wfx file:  -1.1574256004E+03
Molecular virial ratio (-V(Mol)/T(Mol)) from the wfx file:   2.0016962316E+00
Note.  K_Scaled(A) = (1+V(Mol)/T(Mol))*K(A) = E(Mol)/T(Mol)*K(A)
       Use K_Scaled(A) with caution.
 
Note.  Potentially significant cumulative integration error.
 
Some Information About the Atomic Calculations:
----------------------------------------------
  Time(sec) = "Elapsed User Time", in Seconds, for Atom A by AIMInt
  NProc = Number of Processors Used for AIMInt Job
  BIM = Basin Integration Method
  OAQ = Angular Quadrature Outside of Beta Sphere
  ORQ = Multiple of Default for Radial Quadrature Outside of Beta Sphere
  IAQ = Multiple of Default for Angular Quadrature Inside of Beta Sphere
  IRQ = Multiple of Default for Radial Quadrature Inside of Beta Sphere
  MIR = Maximum Integration Radius
------------------------------------------------------------------------------------------------------
Atom A     Time(sec)   NProc      BIM              OAQ                 ORQ      IAQ      IRQ      MIR
------------------------------------------------------------------------------------------------------
C1            257        1     Proaim(5)    120*80    (High)           1.00     1.00     1.00    10.00
N2            490        1     Proaim(5)    120*80    (High)           1.00     1.00     1.00    10.00
C3            373        1     Proaim(5)    120*80    (High)           1.00     1.00     1.00    10.00
N4            522        1     Proaim(5)    120*80    (High)           1.00     1.00     1.00    10.00
C5            588        1     Proaim(5)    120*80    (High)           1.00     1.00     1.00    10.00
C6            405        1     Proaim(5)    120*80    (High)           1.00     1.00     1.00    10.00
O7            375        1     Proaim(5)    96*64     (High)           1.00     1.00     1.00    10.00
N8            783        1     Proaim(5)    120*80    (High)           1.00     1.00     1.00    10.00
C9            470        1     Proaim(5)    120*80    (High)           1.00     1.00     1.00    10.00
N10           628        1     Proaim(5)    120*80    (High)           1.00     1.00     1.00    10.00
N11           608        1     Proaim(5)    120*80    (High)           1.00     1.00     1.00    10.00
C12           422        1     Proaim(5)    120*80    (High)           1.00     1.00     1.00    10.00
C13           238        1     Proaim(5)    120*80    (High)           1.00     1.00     1.00    10.00
N14           479        1     Proaim(5)    120*80    (High)           1.00     1.00     1.00    10.00
C15           370        1     Proaim(5)    120*80    (High)           1.00     1.00     1.00    10.00
N16           542        1     Proaim(5)    120*80    (High)           1.00     1.00     1.00    10.00
C17           469        1     Proaim(5)    120*80    (High)           1.00     1.00     1.00    10.00
C18           371        1     Proaim(5)    120*80    (High)           1.00     1.00     1.00    10.00
O19           530        1     Proaim(5)    120*80    (High)           1.00     1.00     1.00    10.00
N20           461        1     Proaim(5)    120*80    (High)           1.00     1.00     1.00    10.00
C21           284        1     Proaim(5)    120*80    (High)           1.00     1.00     1.00    10.00
N22           368        1     Proaim(5)    120*80    (High)           1.00     1.00     1.00    10.00
N23           425        1     Proaim(5)    120*80    (High)           1.00     1.00     1.00    10.00
C24           376        1     Proaim(5)    120*80    (High)           1.00     1.00     1.00    10.00
H25           101        1     Proaim(5)    72*48     (High)           1.00     1.00     1.00    10.00
H26            82        1     Proaim(5)    72*48     (High)           1.00     1.00     1.00    10.00
H27            71        1     Proaim(5)    72*48     (High)           1.00     1.00     1.00    10.00
H28           104        1     Proaim(5)    72*48     (High)           1.00     1.00     1.00    10.00
H29            52        1     Proaim(5)    72*48     (High)           1.00     1.00     1.00    10.00
H30            77        1     Proaim(5)    72*48     (High)           1.00     1.00     1.00    10.00
H31           100        1     Proaim(5)    72*48     (High)           1.00     1.00     1.00    10.00
H32            87        1     Proaim(5)    72*48     (High)           1.00     1.00     1.00    10.00
H33            96        1     Proaim(5)    72*48     (High)           1.00     1.00     1.00    10.00
H34           100        1     Proaim(5)    72*48     (High)           1.00     1.00     1.00    10.00
H35            50        1     Proaim(5)    72*48     (High)           1.00     1.00     1.00    10.00
H36           170        1     Proaim(5)    120*80    (High)           1.00     1.00     1.00    10.00
H37           202        1     Proaim(5)    120*80    (High)           1.00     1.00     1.00    10.00
H38            66        1     Proaim(5)    72*48     (High)           1.00     1.00     1.00    10.00
H39            64        1     Proaim(5)    72*48     (High)           1.00     1.00     1.00    10.00
------------------------------------------------------------------------------------------------------
Total       12256
Note:  Total wall clock time is less than Total of atomic times if more than one atom
       was calculated at a time
 
Electron Density Critical Point Analysis of Molecular Structure:               
---------------------------------------------------------------                
  NACP = Nuclear Attractor Critical Point                                      
  NNACP = Non-Nuclear Attractor Critical Point                                 
  BCP = Bond Critical Point                                                    
  RCP = Ring Critical Point                                                    
  CCP = Cage Critical Point                                                    
  Rho = Electron Density                                                       
  GradRho = Gradient of Electron Density                                       
  HessRho_EigVals = Eigenvalues of the Hessian of Rho, Ascending Order         
  HessRho_EigVecs = Eigenvectors of the Hessian of Rho                         
  DelSqRho = Laplacian of Rho = Trace of Hessian of Rho                        
  Bond Ellipticity = (HessRho_EigVal(1) / HessRho_EigVal(2)) - 1               
  V = Virial Field = Potential Energy Density = Trace of Stress Tensor         
  G = Lagrangian Form of Kinetic Energy Density                                
  K = Hamiltonian Form of Kinetic Energy Density                               
  L = K - G = Lagrangian Density = (-1/4)DelSqRho                              
  Vnuc = Electrostatic Potential from Nuclei                                   
  Ven = Electron-nuclear attractive contribution to Virial Field V             
  Vrep = V - Ven = Repulsive contribution to Virial Field V                    
  DelSqV = Laplacian of V                                                      
  DelSqVen = Laplacian of Ven                                                  
  DelSqVrep = Laplacian of Vrep                                                
  DelSqG = Laplacian of G                                                      
  DelSqK = Laplacian of K                                                      
  Stress_EigVals = Eigenvalues of Stress Tensor, Ascending Order               
  Stress_EigVecs = Eigenvectors of Stress Tensor                               
  -DivStress = Ehrenfest Force Density = Minus Divergence of Stress Tensor     
  BP = Bond Path                                                               
  BPL = Bond Path Length                                                       
  GBL = Geometric Bond Length                                                  
  GBL_I = Distance Between Nuclear Attractors                                  
  GBL_II = Distance Between Nuclei                                             
  GBL_III = Sum of Distances Between BCP and Nuclear Attractors                
  GBL_IV = Sum of Distances Between BCP and Nuclei                             

CP# 1      Coords =  1.17932419546307E+01  3.42122661059408E+00  2.44966831511641E-02
           Type = (3,-3) NACP C1
           Rho =  1.2061908425E+02     Rho at Nucleus =  1.2061908265E+02
           GradRho = -1.7324845465E-10  3.8390023060E-11 -9.3475693036E-14
           HessRho_EigVals = -2.2219762979E+05 -2.2219566426E+05 -2.2219550689E+05
           HessRho_EigVec1 =  5.1296211963E-01  8.5838797811E-01  6.3200365034E-03
           HessRho_EigVec2 = -3.0986900139E-03 -5.5107943225E-03  9.9998001443E-01
           HessRho_EigVec3 =  8.5840565116E-01 -5.1297145163E-01 -1.6695048072E-04
           DelSqRho = -6.6658880094E+05
           Bond Ellipticity = NA
           V = -1.6665774780E+05
           G =  5.2737843985E+00
           K =  1.6665247402E+05
           L =  1.6664720024E+05
           Vnuc =  1.5813604989E+06
           Ven = -1.9074225524E+08
           Vrep =  1.9057559749E+08
           DelSqV =  8.1587871881E+09
           DelSqVen =  1.0541172081E+12
           DelSqVrep = -1.0459584209E+12
           DelSqG =  3.0700593409E+08
           DelSqK = -8.4657931222E+09
           Stress_EigVals = -5.5552793108E+04 -5.5552747792E+04 -5.5552206904E+04
           Stress_EigVec1 =  8.5822111217E-01 -5.1328014488E-01 -1.2444107693E-04
           Stress_EigVec2 = -3.1352751204E-03 -5.4847200353E-03  9.9998004375E-01
           Stress_EigVec3 =  5.1327058426E-01  8.5820359514E-01  6.3163769967E-03
           -DivStress =  5.7211744485E+03  8.3469000603E+03  5.9862622831E+01

CP# 2      Coords =  1.03996475227916E+01  1.04044735917356E+00  7.33799305976885E-03
           Type = (3,-3) NACP N2
           Rho =  1.9566925417E+02     Rho at Nucleus =  1.9566925384E+02
           GradRho = -3.6232712003E-09  1.3904389373E-09  2.6706154917E-12
           HessRho_EigVals = -4.9025542902E+05 -4.9025439872E+05 -4.9024736894E+05
           HessRho_EigVec1 =  9.9559150817E-01  9.3786347665E-02  1.2922305286E-03
           HessRho_EigVec2 = -9.3792976027E-02  9.9556881362E-01  6.7538867950E-03
           HessRho_EigVec3 = -6.5308203921E-04 -6.8453144872E-03  9.9997635730E-01
           DelSqRho = -1.4707571967E+06
           Bond Ellipticity = NA
           V = -3.6772593788E+05
           G =  1.8319355430E+01
           K =  3.6770761852E+05
           L =  3.6768929917E+05
           Vnuc =  6.0933908123E+06
           Ven = -1.1922892356E+09
           Vrep =  1.1919215097E+09
           DelSqV =  2.4434035829E+10
           DelSqVen =  8.9618983158E+12
           DelSqVrep = -8.9374642799E+12
           DelSqG =  9.2134694896E+08
           DelSqK = -2.5355382778E+10
           Stress_EigVals = -1.2257629923E+05 -1.2257496425E+05 -1.2257467439E+05
           Stress_EigVec1 = -6.8928444033E-04 -6.8404790939E-03  9.9997636609E-01
           Stress_EigVec2 =  2.4576591075E-02  9.9967444465E-01  6.8553544200E-03
           Stress_EigVec3 =  9.9969771234E-01 -2.4580735524E-02  5.2094438264E-04
           -DivStress =  8.5899953388E+03 -3.1807249735E+03 -6.3096157223E+00

CP# 3      Coords =  1.14056488312256E+01 -1.39586831503782E+00 -9.00056111968145E-03
           Type = (3,-3) NACP C3
           Rho =  1.2078965527E+02     Rho at Nucleus =  1.2078965426E+02
           GradRho = -1.3875877417E-10  1.0920119170E-11 -1.1850556411E-13
           HessRho_EigVals = -2.2249411191E+05 -2.2249401969E+05 -2.2249242845E+05
           HessRho_EigVec1 = -2.6030478243E-01  9.6551244345E-01  5.2097777960E-03
           HessRho_EigVec2 = -1.0083963796E-03 -5.6676451028E-03  9.9998343033E-01
           HessRho_EigVec3 =  9.6552597240E-01  2.6029521574E-01  2.4489343778E-03
           DelSqRho = -6.6748056005E+05
           Bond Ellipticity = NA
           V = -1.6688061237E+05
           G =  5.2361770453E+00
           K =  1.6687537619E+05
           L =  1.6687014001E+05
           Vnuc =  1.9864882035E+06
           Ven = -2.3994722530E+08
           Vrep =  2.3978034469E+08
           DelSqV =  8.1695360403E+09
           DelSqVen =  1.3259422638E+12
           DelSqVrep = -1.3177727278E+12
           DelSqG =  3.0739295446E+08
           DelSqK = -8.4769289947E+09
           Stress_EigVals = -5.5627305067E+04 -5.5626743685E+04 -5.5626563615E+04
           Stress_EigVec1 =  9.5259554429E-01  3.0422757091E-01  2.7044583993E-03
           Stress_EigVec2 = -3.0423906140E-01  9.5257284069E-01  6.6012656647E-03
           Stress_EigVec3 = -5.6790660184E-04 -7.1111381438E-03  9.9997455427E-01
           -DivStress =  2.8607294332E+03 -7.5395166414E+03 -5.0074603157E+01

CP# 4      Coords =  9.67940244235248E+00 -3.16005760523029E+00 -2.21870283977484E-02
           Type = (3,-3) NACP N4
           Rho =  1.9623738244E+02     Rho at Nucleus =  1.9623736240E+02
           GradRho =  2.6385631584E-11 -4.0205883730E-12 -9.6768803027E-14
           HessRho_EigVals = -4.9165292658E+05 -4.9165245523E+05 -4.9164270779E+05
           HessRho_EigVec1 = -1.6006460615E-03 -6.9432044356E-03  9.9997461460E-01
           HessRho_EigVec2 =  9.9438776054E-01  1.0577131406E-01  2.3261137588E-03
           HessRho_EigVec3 = -1.0578477969E-01  9.9436624090E-01  6.7349350725E-03
           DelSqRho = -1.4749480896E+06
           Bond Ellipticity = NA
           V = -3.6877131845E+05
           G =  1.7148023257E+01
           K =  3.6875417042E+05
           L =  3.6873702240E+05
           Vnuc =  7.7535373260E+05
           Ven = -1.5215338695E+08
           Vrep =  1.5178461563E+08
           DelSqV =  2.4502734133E+10
           DelSqVen =  1.1436065075E+12
           DelSqVrep = -1.1191037734E+12
           DelSqG =  9.2391547101E+08
           DelSqK = -2.5426649604E+10
           Stress_EigVals = -1.2292521609E+05 -1.2292328534E+05 -1.2292281702E+05
           Stress_EigVec1 = -7.8302022387E-02  9.9690669369E-01  6.7703291659E-03
           Stress_EigVec2 =  9.9692933723E-01  7.8294531574E-02  1.3648784126E-03
           Stress_EigVec3 = -8.3057667494E-04 -6.8564125082E-03  9.9997614959E-01
           -DivStress =  1.1899013870E+04 -7.1281097158E+04 -4.8352036182E+02

CP# 5      Coords =  7.41461820685558E+00 -1.88422947723970E+00 -1.46130661622291E-02
           Type = (3,-3) NACP C5
           Rho =  1.2079461323E+02     Rho at Nucleus =  1.2079461322E+02
           GradRho =  4.1384400116E-11 -2.8916010557E-11  1.0389726799E-13
           HessRho_EigVals = -2.2257192445E+05 -2.2257158609E+05 -2.2257112831E+05
           HessRho_EigVec1 = -5.9816348228E-01  8.0134879540E-01  6.3684046476E-03
           HessRho_EigVec2 =  8.0137345702E-01  5.9813404578E-01  6.0204365558E-03
           HessRho_EigVec3 = -1.0153099447E-03 -8.7046757432E-03  9.9996159815E-01
           DelSqRho = -6.6771463885E+05
           Bond Ellipticity = NA
           V = -1.6693973083E+05
           G =  5.5355595355E+00
           K =  1.6693419527E+05
           L =  1.6692865971E+05
           Vnuc =  2.2444377139E+07
           Ven = -2.7111598558E+09
           Vrep =  2.7109929161E+09
           DelSqV =  8.1726349052E+09
           DelSqVen =  1.4986466296E+13
           DelSqVrep = -1.4978293661E+13
           DelSqG =  3.0759836578E+08
           DelSqK = -8.4802332709E+09
           Stress_EigVals = -5.5646687245E+04 -5.5646550811E+04 -5.5646492777E+04
           Stress_EigVec1 =  9.0204274185E-01  4.3163900471E-01  2.5809873436E-03
           Stress_EigVec2 = -4.3164338026E-01  9.0204316016E-01  1.4592750683E-03
           Stress_EigVec3 = -1.6982819416E-03 -2.4303945851E-03  9.9999560450E-01
           -DivStress = -2.1206559917E+01  7.2120657590E+02 -8.8448841609E-01

CP# 6      Coords =  4.85163674133303E+00 -2.84267228541511E+00 -2.15993612493049E-02
           Type = (3,-3) NACP C6
           Rho =  1.2079730527E+02     Rho at Nucleus =  1.2079730332E+02
           GradRho = -2.4561968929E-11 -3.3275216029E-11 -9.1384681190E-14
           HessRho_EigVals = -2.2249242728E+05 -2.2249110918E+05 -2.2248908967E+05
           HessRho_EigVec1 =  2.9493746146E-04 -7.2833943101E-03  9.9997343224E-01
           HessRho_EigVec2 =  7.3242179973E-01 -6.8083149713E-01 -5.1749203647E-03
           HessRho_EigVec3 =  6.8085109994E-01  7.3240386720E-01  5.1337140552E-03
           DelSqRho = -6.6747262612E+05
           Bond Ellipticity = NA
           V = -1.6687815402E+05
           G =  4.9987426523E+00
           K =  1.6687315527E+05
           L =  1.6686815653E+05
           Vnuc =  1.4320103437E+06
           Ven = -1.7298299064E+08
           Vrep =  1.7281611249E+08
           DelSqV =  8.1693753561E+09
           DelSqVen =  9.5582770586E+11
           DelSqVrep = -9.4765833050E+11
           DelSqG =  3.0736520109E+08
           DelSqK = -8.4767405571E+09
           Stress_EigVals = -5.5626735067E+04 -5.5625955743E+04 -5.5625463205E+04
           Stress_EigVec1 =  6.4342309935E-01  7.6549160273E-01  5.4149215777E-03
           Stress_EigVec2 =  7.6551071952E-01 -6.4340483484E-01 -4.8535356138E-03
           Stress_EigVec3 =  2.3135403257E-04 -7.2680574405E-03  9.9997356056E-01
           -DivStress =  6.9225362293E+03 -8.7715118537E+03 -6.0611455155E+01

CP# 7      Coords =  4.09484027021486E+00 -4.99353196202287E+00 -3.70383947636326E-02
           Type = (3,-3) NACP O7
           Rho =  2.9771733245E+02     Rho at Nucleus =  2.9771730472E+02
           GradRho = -8.1733557900E-11 -2.7269964362E-10 -1.2999615524E-12
           HessRho_EigVals = -9.6952104478E+05 -9.6951857483E+05 -9.6949757121E+05
           HessRho_EigVec1 =  4.5129690409E-04 -5.8730222173E-03  9.9998265182E-01
           HessRho_EigVec2 =  3.1622423421E-01  9.4866894138E-01  5.4289369339E-03
           HessRho_EigVec3 =  9.4868436797E-01 -3.1621629823E-01 -2.2853233094E-03
           DelSqRho = -2.9085371908E+06
           Bond Ellipticity = NA
           V = -7.2723108660E+05
           G =  4.8394447723E+01
           K =  7.2718269215E+05
           L =  7.2713429770E+05
           Vnuc =  1.0577674737E+06
           Ven = -3.1491571061E+08
           Vrep =  3.1418847953E+08
           DelSqV =  6.2578734779E+10
           DelSqVen =  3.0765560371E+12
           DelSqVrep = -3.0139773023E+12
           DelSqG =  2.3682219801E+09
           DelSqK = -6.4946956759E+10
           Stress_EigVals = -2.4241409919E+05 -2.4240876570E+05 -2.4240822171E+05
           Stress_EigVec1 =  9.4957070738E-01 -3.1354478712E-01 -2.2667501666E-03
           Stress_EigVec2 =  3.1355260256E-01  9.4955597567E-01  5.3117310137E-03
           Stress_EigVec3 =  4.8694059611E-04 -5.7546095902E-03  9.9998332354E-01
           -DivStress = -4.6817535264E+04 -1.4731875729E+05 -1.0575349368E+03

CP# 8      Coords =  3.02075691995501E+00 -7.76219873352534E-01 -6.17730721414642E-03
           Type = (3,-3) NACP N8
           Rho =  1.9571654548E+02     Rho at Nucleus =  1.9571654364E+02
           GradRho = -5.4914505024E-11 -2.5023366818E-13 -2.5935620296E-14
           HessRho_EigVals = -4.9038659561E+05 -4.9038324924E+05 -4.9037824161E+05
           HessRho_EigVec1 = -5.8443085576E-02  9.9827344500E-01  5.8766286570E-03
           HessRho_EigVec2 =  9.9828434701E-01  5.8462769328E-02 -3.2352937569E-03
           HessRho_EigVec3 =  3.5732718299E-03 -5.6774658516E-03  9.9997749880E-01
           DelSqRho = -1.4711480864E+06
           Bond Ellipticity = NA
           V = -3.6782389493E+05
           G =  1.8436656577E+01
           K =  3.6780545827E+05
           L =  3.6778702161E+05
           Vnuc =  2.5576683629E+06
           Ven = -5.0057801647E+08
           Vrep =  5.0021019257E+08
           DelSqV =  2.4440529368E+10
           DelSqVen =  3.7627089469E+12
           DelSqVrep = -3.7382684176E+12
           DelSqG =  9.2161451476E+08
           DelSqK = -2.5362143883E+10
           Stress_EigVals = -1.2260882072E+05 -1.2260791518E+05 -1.2260715903E+05
           Stress_EigVec1 =  3.4946777858E-03 -5.7382632537E-03  9.9997742953E-01
           Stress_EigVec2 =  9.9797262842E-01  6.3567920033E-02 -3.1228938009E-03
           Stress_EigVec3 = -6.3548565289E-02  9.9796101721E-01  5.9487790599E-03
           -DivStress = -1.1178945974E+04 -1.8790609538E+04 -1.7447599854E+02

CP# 9      Coords =  3.50002341702293E+00  1.70856015767839E+00  9.41102512222670E-03
           Type = (3,-3) NACP C9
           Rho =  1.2069579544E+02     Rho at Nucleus =  1.2069579527E+02
           GradRho =  1.5717700254E-09  5.1960342962E-10  4.3024561198E-12
           HessRho_EigVals = -2.2228604855E+05 -2.2228366679E+05 -2.2228313754E+05
           HessRho_EigVec1 = -9.2294885810E-05 -5.7062994940E-03  9.9998371468E-01
           HessRho_EigVec2 =  9.5284826047E-01  3.0344172740E-01  1.8195020281E-03
           HessRho_EigVec3 = -3.0344716838E-01  9.5283291096E-01  5.4092314270E-03
           DelSqRho = -6.6685285288E+05
           Bond Ellipticity = NA
           V = -1.6672332169E+05
           G =  5.0542343082E+00
           K =  1.6671826745E+05
           L =  1.6671321322E+05
           Vnuc =  4.8294136795E+06
           Ven = -5.8288992556E+08
           Vrep =  5.8272320223E+08
           DelSqV =  8.1617984170E+09
           DelSqVen =  3.2205083771E+12
           DelSqVrep = -3.2123465787E+12
           DelSqG =  3.0705317163E+08
           DelSqK = -8.4688515887E+09
           Stress_EigVals = -5.5574866407E+04 -5.5574668849E+04 -5.5573786431E+04
           Stress_EigVec1 = -3.2514332905E-01  9.4564869513E-01  5.5100790414E-03
           Stress_EigVec2 =  9.4566474643E-01  3.2513747502E-01  1.9518452669E-03
           Stress_EigVec3 = -5.4226743053E-05 -5.8453169673E-03  9.9998291452E-01
           -DivStress = -3.1345470589E+03 -1.0586346691E+03 -8.7897479110E+00

CP# 10     Coords =  1.65928795047526E+00  3.43032288467229E+00  2.06756586576044E-02
           Type = (3,-3) NACP N10
           Rho =  1.9558690006E+02     Rho at Nucleus =  1.9558689842E+02
           GradRho = -1.4767793105E-11 -2.3733332913E-12  2.6279027782E-15
           HessRho_EigVals = -4.9004337854E+05 -4.9004048642E+05 -4.9003321990E+05
           HessRho_EigVec1 = -4.5522980071E-01  8.9035509221E-01  5.7998553720E-03
           HessRho_EigVec2 =  8.9036569593E-01  4.5518780264E-01  7.2795485769E-03
           HessRho_EigVec3 = -3.8413597220E-03 -8.4778597126E-03  9.9995668399E-01
           DelSqRho = -1.4701170849E+06
           Bond Ellipticity = NA
           V = -3.6756639492E+05
           G =  1.8561852594E+01
           K =  3.6754783307E+05
           L =  3.6752927122E+05
           Vnuc =  2.7105067168E+06
           Ven = -5.3013960632E+08
           Vrep =  5.2977203993E+08
           DelSqV =  2.4423494163E+10
           DelSqVen =  3.9847621591E+12
           DelSqVrep = -3.9603386649E+12
           DelSqG =  9.2093309627E+08
           DelSqK = -2.5344427259E+10
           Stress_EigVals = -1.2252331186E+05 -1.2252186732E+05 -1.2252121574E+05
           Stress_EigVec1 = -3.6759737108E-03 -8.5051665062E-03  9.9995707376E-01
           Stress_EigVec2 =  9.0759774793E-01  4.1978401851E-01  6.9069349242E-03
           Stress_EigVec3 = -4.1982474339E-01  9.0758417789E-01  6.1761549505E-03
           -DivStress = -2.0342901232E+04  3.2398589485E+03  1.6476278422E+02

CP# 11     Coords =  5.95953258059064E+00  2.49669768013404E+00  1.42260355902594E-02
           Type = (3,-3) NACP N11
           Rho =  1.9554640804E+02     Rho at Nucleus =  1.9554640790E+02
           GradRho = -5.0862045698E-10 -9.0348843843E-10 -1.2286306716E-11
           HessRho_EigVals = -4.8997630033E+05 -4.8997532195E+05 -4.8996529909E+05
           HessRho_EigVec1 =  9.9428246885E-01  1.0678135249E-01  3.3895793692E-04
           HessRho_EigVec2 = -1.0678169287E-01  9.9426951290E-01  5.0799394688E-03
           HessRho_EigVec3 =  2.0542726423E-04 -5.0870892589E-03  9.9998703958E-01
           DelSqRho = -1.4699169214E+06
           Bond Ellipticity = NA
           V = -3.6751656511E+05
           G =  1.8667381488E+01
           K =  3.6749789772E+05
           L =  3.6747923034E+05
           Vnuc =  9.2076317543E+06
           Ven = -1.8005193161E+09
           Vrep =  1.8001517995E+09
           DelSqV =  2.4420375551E+10
           DelSqVen =  1.3534455398E+13
           DelSqVrep = -1.3510035023E+13
           DelSqG =  9.2087486248E+08
           DelSqK = -2.5341250414E+10
           Stress_EigVals = -1.2250697598E+05 -1.2250490140E+05 -1.2250468772E+05
           Stress_EigVec1 =  2.1451908224E-04 -5.0687914955E-03  9.9998713058E-01
           Stress_EigVec2 = -1.1629016179E-01  9.9320239693E-01  5.0593474325E-03
           Stress_EigVec3 =  9.9321525978E-01  1.1628975053E-01  3.7638971644E-04
           -DivStress =  2.8732834286E+03  5.3588956722E+03  6.7372384419E+01

CP# 12     Coords =  7.85105238829003E+00  6.87604156184422E-01  3.51888755466486E-03
           Type = (3,-3) NACP C12
           Rho =  1.2077539055E+02     Rho at Nucleus =  1.2077538785E+02
           GradRho = -7.3603208649E-11 -1.0035055154E-11 -8.2925186751E-15
           HessRho_EigVals = -2.2250457519E+05 -2.2250421354E+05 -2.2250286861E+05
           HessRho_EigVec1 =  9.2237374921E-01 -3.8629263712E-01 -2.1599238983E-03
           HessRho_EigVec2 = -2.6432356935E-04 -6.2224513185E-03  9.9998060543E-01
           HessRho_EigVec3 =  3.8629858517E-01  9.2235528925E-01  5.8415320006E-03
           DelSqRho = -6.6751165734E+05
           Bond Ellipticity = NA
           V = -1.6688867984E+05
           G =  5.3827529015E+00
           K =  1.6688329709E+05
           L =  1.6687791434E+05
           Vnuc =  1.2189710104E+06
           Ven = -1.4722169985E+08
           Vrep =  1.4705481117E+08
           DelSqV =  8.1700507350E+09
           DelSqVen =  8.1367736115E+11
           DelSqVrep = -8.0550731042E+11
           DelSqG =  3.0745893207E+08
           DelSqK = -8.4775096671E+09
           Stress_EigVals = -5.5629901790E+04 -5.5629486978E+04 -5.5629291073E+04
           Stress_EigVec1 =  3.7659616388E-01  9.2635699438E-01  6.1683309993E-03
           Stress_EigVec2 =  9.2637741465E-01 -3.7659110080E-01 -2.0070934878E-03
           Stress_EigVec3 = -4.6365347026E-04 -6.4700662319E-03  9.9997896141E-01
           -DivStress =  4.9187232441E-01 -1.3143410369E+04 -8.4933926615E+01

CP# 13     Coords = -1.03693147684952E+01  4.87674655557914E+00 -2.02576748755556E-02
           Type = (3,-3) NACP C13
           Rho =  1.2062861975E+02     Rho at Nucleus =  1.2062861797E+02
           GradRho =  1.6123581655E-10 -1.7561593487E-11  3.2150887855E-13
           HessRho_EigVals = -2.2221782992E+05 -2.2221568178E+05 -2.2221565197E+05
           HessRho_EigVec1 =  8.6081371647E-01 -5.0891666676E-01  1.8899282391E-03
           HessRho_EigVec2 =  5.0667742097E-01  8.5736255122E-01  9.0594960386E-02
           HessRho_EigVec3 = -4.7725638962E-02 -7.7027800577E-02  9.9588602828E-01
           DelSqRho = -6.6664916367E+05
           Bond Ellipticity = NA
           V = -1.6667284342E+05
           G =  5.2762494107E+00
           K =  1.6666756717E+05
           L =  1.6666229092E+05
           Vnuc =  1.4988427952E+06
           Ven = -1.8080333760E+08
           Vrep =  1.8063666476E+08
           DelSqV =  8.1595284892E+09
           DelSqVen =  9.9920229581E+11
           DelSqVrep = -9.9104276732E+11
           DelSqG =  3.0703728577E+08
           DelSqK = -8.4665657750E+09
           Stress_EigVals = -5.5557816767E+04 -5.5557812302E+04 -5.5557214347E+04
           Stress_EigVec1 = -8.4183791705E-02 -1.3942828477E-01  9.8664727366E-01
           Stress_EigVec2 =  5.0027989536E-01  8.5040945751E-01  1.6286123198E-01
           Stress_EigVec3 =  8.6176163498E-01 -5.0731007085E-01  1.8375249214E-03
           -DivStress = -9.6849085567E+03  4.4967355270E+03 -9.4554734085E+00

CP# 14     Coords = -7.94431761670525E+00  3.55539088373030E+00 -1.47831447831278E-02
           Type = (3,-3) NACP N14
           Rho =  1.9569010350E+02     Rho at Nucleus =  1.9569010345E+02
           GradRho =  5.0510688332E-11 -1.3500714499E-10 -1.3701918289E-12
           HessRho_EigVals = -4.9030706017E+05 -4.9030670680E+05 -4.9030001600E+05
           HessRho_EigVec1 =  4.2968200942E-01  9.0297552107E-01 -2.9290147108E-03
           HessRho_EigVec2 =  9.0298023267E-01 -4.2967877878E-01  1.6871500670E-03
           HessRho_EigVec3 = -2.6491974691E-04  3.3697804160E-03  9.9999428718E-01
           DelSqRho = -1.4709137830E+06
           Bond Ellipticity = NA
           V = -3.6776509455E+05
           G =  1.8324405443E+01
           K =  3.6774677015E+05
           L =  3.6772844574E+05
           Vnuc =  1.5713565717E+07
           Ven = -3.0749893016E+09
           Vrep =  3.0746215365E+09
           DelSqV =  2.4436613291E+10
           DelSqVen =  2.3113307783E+13
           DelSqVrep = -2.3088871170E+13
           DelSqG =  9.2144496170E+08
           DelSqK = -2.5358058252E+10
           Stress_EigVals = -1.2258923771E+05 -1.2258800042E+05 -1.2258785642E+05
           Stress_EigVec1 = -1.9826041039E-04  3.3986923209E-03  9.9999420477E-01
           Stress_EigVec2 =  9.1341153557E-01 -4.0703429717E-01  1.5644867526E-03
           Stress_EigVec3 =  4.0703725552E-01  9.1340655232E-01 -3.0237059849E-03
           -DivStress = -2.4222470658E+03  2.5978648703E+03  2.3661344870E+01

CP# 15     Coords = -5.56506576055140E+00  4.60827556248404E+00 -1.78067009407685E-02
           Type = (3,-3) NACP C15
           Rho =  1.2077979064E+02     Rho at Nucleus =  1.2077979012E+02
           GradRho = -7.6076044052E-09 -4.3282965047E-09  1.0581659464E-11
           HessRho_EigVals = -2.2247194243E+05 -2.2247138892E+05 -2.2247015170E+05
           HessRho_EigVec1 = -6.7033859975E-04  2.8429218739E-03  9.9999573421E-01
           HessRho_EigVec2 =  9.6935720075E-01  2.4565548029E-01 -4.8581996983E-05
           HessRho_EigVec3 = -2.4565457049E-01  9.6935303311E-01 -2.9204791403E-03
           DelSqRho = -6.6741348305E+05
           Bond Ellipticity = NA
           V = -1.6686383674E+05
           G =  5.2329895201E+00
           K =  1.6685860375E+05
           L =  1.6685337076E+05
           Vnuc =  2.7730320319E+06
           Ven = -3.3492622826E+08
           Vrep =  3.3475936442E+08
           DelSqV =  8.1687097083E+09
           DelSqVen =  1.8507590205E+12
           DelSqVrep = -1.8425903108E+12
