CP# 62     
           Type = (3,-1) BCP H36 N16                                         
           Rho =  3.5687214642E-02
           DelSqRho =  1.1609690367E-01

CP# 67    
           Type = (3,-1) BCP H37 O19                                         
           Rho =  3.9309151820E-02
           DelSqRho =  1.6095802881E-01

