AIMSum (Version 11.12.19, Professional)
Copyright (c) 1997-2011 by Todd A. Keith
AIMSum is a component of the AIMAll package ( http://aim.tkgristmill.com )

Much of the Quantum Theory of Atoms in Molecules (QTAIM) is described in the book:
  "Atoms in Molecules - A Quantum Theory"
  R.F.W. Bader, Oxford University Press, Oxford, 1990

For additional references see:  http://aim.tkgristmill.com/references.html

Wfx File:  /home4/vemuri/FCHK/CHK-Neutral/GUWHT/chk-Mp2-Spe-FOPT-GUWHT-neut-step-20.wfx
Sum File:  /home4/vemuri/FCHK/CHK-Neutral/GUWHT/chk-Mp2-Spe-FOPT-GUWHT-neut-step-20.sum

SumViz File:  /home4/vemuri/FCHK/CHK-Neutral/GUWHT/chk-Mp2-Spe-FOPT-GUWHT-neut-step-20.sumviz

Wfx Title:  CHK-Mp2-Spe-GUWHT-Neut-From-fopt-step20                                        
 
Total memory allocated for AIMSum =       21.741 Megabytes

Atomic units (a.u.) used throughout, except where stated otherwise

Restricted, closed-shell, single-determinant wavefunction.
  Number of electrons (from MO Occs)                   =         152.0000000000
  Number of Alpha electrons (from MO Occs)             =          76.0000000000
  Number of Beta electrons (from MO Occs)              =          76.0000000000
  Number of electron pairs (N*(N-1)/2)                 =       11476.0000000000
  Number of electron pairs (from Muller 2EDM)          =       11476.0000000000
 
Nuclear Charges and Cartesian Coordinates:
-------------------------------------------------------------------------------
Atom      Charge                X                  Y                  Z
-------------------------------------------------------------------------------
C1         6.0           1.1489394900E+01  -3.1118667200E+00   1.2068366700E-01
N2         7.0           9.1551277100E+00  -1.6180042000E+00   6.1225324000E-02
C3         6.0           9.4238902200E+00   1.0016607800E+00   1.3477346500E-01
O4         8.0           1.1478738700E+01   2.0489791300E+00   2.4351964500E-01
N5         7.0           7.1546295900E+00   2.3185258700E+00   7.3786333600E-02
C6         6.0           4.7158624300E+00   1.3238552800E+00  -4.9956713000E-02
O7         8.0           2.8799783700E+00   2.7796322600E+00  -9.2022016700E-02
C8         6.0           4.6137435300E+00  -1.4046087900E+00  -1.1711191100E-01
C9         6.0           6.8058825400E+00  -2.7296582900E+00  -5.8847874500E-02
C10        6.0          -1.1787584500E+01   1.0155823000E+00   3.1395351800E-01
N11        7.0          -9.5555004900E+00  -5.7933142800E-01   1.7873416400E-01
C12        6.0          -9.4492336200E+00  -3.1985220800E+00   1.5035236700E-01
N13        7.0          -7.1453796700E+00  -4.0903688700E+00   8.2033881700E-03
C14        6.0          -5.6300914400E+00  -1.9656552900E+00  -6.5932457700E-02
C15        6.0          -2.9315020600E+00  -1.7075281400E+00  -2.0725562700E-01
O16        8.0          -1.2654628000E+00  -3.3322730900E+00  -2.9020893500E-01
N17        7.0          -2.2413835300E+00   8.8690332900E-01  -2.4207383100E-01
C18        6.0          -3.8613626100E+00   2.9020279000E+00  -1.3036267000E-01
N19        7.0          -2.7778333400E+00   5.2438823600E+00  -2.5870342100E-01
N20        7.0          -6.3386291600E+00   2.6814722900E+00   2.1669576600E-02
C21        6.0          -7.0971123100E+00   2.3244957500E-01   3.9310170000E-02
H22        1.0           1.2684705300E+01  -2.6252735700E+00  -1.4897957500E+00
H23        1.0           2.7865786800E+00  -2.3381902000E+00  -2.0814568800E-01
H24        1.0           6.8156089700E+00  -4.7783028300E+00  -1.0403122600E-01
H25        1.0          -1.1155505100E+01  -4.3220455300E+00   2.4043939200E-01
H26        1.0          -9.0029593700E-01   5.4221629100E+00   4.2069170200E-02
H27        1.0           1.0988776200E+01  -5.1084077300E+00   4.0899429700E-02
H28        1.0           1.2538839200E+01  -2.7225302200E+00   1.8547681800E+00
H29        1.0          -3.4199334100E-01   1.2642495200E+00  -3.0146792300E-01
H30        1.0          -3.9019048100E+00   6.7155840600E+00   1.8868357200E-01
H31        1.0          -1.1925661200E+01   2.2104712500E+00  -1.3662511200E+00
H32        1.0          -1.3455933000E+01  -1.9194703600E-01   4.2943279200E-01
H33        1.0          -1.1707378900E+01   2.2283329400E+00   1.9848210200E+00
H34        1.0           7.3195894500E+00   4.2272154100E+00   1.2074224900E-01
 
Some Atomic Properties:
----------------------
  q(A) = Net Charge of Atom A
  L(A) = Lagrangian of Atom A = -(1/4) Times Atomic Integral of the Laplacian of the Electron Density
  K(A) = Electronic Kinetic Energy of Atom A (Hamiltonian Form)
  K_Scaled(A) = K(A) * E(Mol)/K(Mol) = Approximation to Virial-Based Total Energy of Atom A.
  |Mu_Intra(A)| = Magnitude of Intraatomic Dipole Moment of Atom A
--------------------------------------------------------------------------------------------------
Atom A          q(A)              L(A)              K(A)          K_Scaled(A)      |Mu_Intra(A)|
--------------------------------------------------------------------------------------------------
C1        6.5758932480E-01 -9.2439879879E-05  3.7370866611E+01 -3.7434547704E+01  5.1970037214E-01
N2       -1.5355432496E+00  3.4075523499E-05  5.5334888245E+01 -5.5429180577E+01  1.7078095827E-01
C3        2.2587899232E+00  1.2100725489E-03  3.6334125542E+01 -3.6396039997E+01  1.9938227819E-01
O4       -1.3583004413E+00  7.2806764536E-05  7.5522904336E+01 -7.5651597661E+01  6.1839292692E-01
N5       -1.5082593001E+00  4.8681977959E-05  5.5299512630E+01 -5.5393744680E+01  1.4736800761E-01
C6        1.6173076336E+00  3.9140898422E-04  3.6752512220E+01 -3.6815139618E+01  9.1078917413E-01
O7       -1.3724162551E+00  9.2085010303E-05  7.5495025086E+01 -7.5623670904E+01  5.3813410567E-01
C8        4.0102929700E-02 -9.2370200794E-05  3.7793091783E+01 -3.7857492360E+01  2.9772537279E-01
C9        5.7508273240E-01 -1.2674708773E-04  3.7460510877E+01 -3.7524344726E+01  8.0837075291E-01
C10       6.8604195930E-01 -2.7902972633E-04  3.7344597423E+01 -3.7408233752E+01  5.2460350676E-01
N11      -1.5731982531E+00  4.4772703556E-04  5.5384916362E+01 -5.5479293943E+01  1.6996163790E-01
C12       1.3558576527E+00 -3.8202907659E-04  3.6939696089E+01 -3.7002642454E+01  7.4545448416E-01
N13      -1.4118731890E+00  1.4352270693E-04  5.5088599357E+01 -5.5182472005E+01  2.8329812879E-01
C14       5.3128403320E-01  5.1656359989E-04  3.7568827165E+01 -3.7632845589E+01  5.5667912384E-01
C15       1.6258966137E+00 -1.7430214710E-03  3.6737291559E+01 -3.6799893020E+01  8.3994268524E-01
O16      -1.3667982738E+00  8.9425548330E-05  7.5487906463E+01 -7.5616540151E+01  5.6224687264E-01
N17      -1.5395639922E+00  2.8256093800E-04  5.5299337329E+01 -5.5393569081E+01  7.5316248734E-02
C18       1.9319533260E+00 -1.6645138394E-03  3.6629116184E+01 -3.6691533311E+01  7.2407111187E-02
N19      -1.4222822540E+00  4.4430998945E-05  5.5092632796E+01 -5.5186512317E+01  8.5788000904E-02
N20      -1.4322399824E+00 -2.0921020667E-04  5.5100805255E+01 -5.5194698702E+01  6.7392977710E-02
C21       1.1157950820E+00  1.4649636172E-04  3.7204214693E+01 -3.7267611806E+01  7.9334216296E-01
H22      -9.8518475000E-03  4.3584008173E-05  6.2588504932E-01 -6.2695157647E-01  1.0243496223E-01
H23       1.4667429867E-01  4.4939044309E-05  5.5163789149E-01 -5.5257789922E-01  8.1427808925E-02
H24       4.4221279460E-02  3.8600655042E-05  6.0439269082E-01 -6.0542259434E-01  9.7415774608E-02
H25       1.7067030560E-02  3.1957859563E-05  6.1072168635E-01 -6.1176237467E-01  1.0130806552E-01
H26       5.1121196523E-01  2.2844073435E-05  3.8620976183E-01 -3.8686787501E-01  1.5529983988E-01
H27      -4.5519090900E-02  5.4652901912E-05  6.4241443664E-01 -6.4350913037E-01  9.3362801023E-02
H28      -1.0872104700E-02  4.2161959932E-05  6.2626077568E-01 -6.2732794308E-01  1.0237816388E-01
H29       5.6792171780E-01  2.0540753252E-05  3.6042464128E-01 -3.6103881583E-01  1.1824771431E-01
H30       4.9100614201E-01  2.7312979647E-05  3.9572234920E-01 -3.9639667211E-01  1.7021779973E-01
H31      -2.9288837200E-02  3.7074830483E-05  6.3294079043E-01 -6.3401934078E-01  1.0172762661E-01
H32      -4.4662344300E-02  4.5329335195E-05  6.3911968805E-01 -6.4020876743E-01  9.7212842399E-02
H33      -2.9423117600E-02  3.7253263091E-05  6.3300298188E-01 -6.3408163821E-01  1.0180865615E-01
H34       5.1598604675E-01  3.1815704684E-05  3.8286895045E-01 -3.8352137078E-01  1.6010603326E-01
--------------------------------------------------------------------------------------------------
Total    -3.0284172000E-04 -5.9143612088E-04  1.0283329797E+03 -1.0300852904E+03
 
Molecular charge q(Mol) from the wfx file:   0.0000000000E+00
Molecular energy E(Mol) from the wfx file:  -1.0300854109E+03
Molecular virial ratio (-V(Mol)/T(Mol)) from the wfx file:   2.0017040304E+00
Note.  K_Scaled(A) = (1+V(Mol)/T(Mol))*K(A) = E(Mol)/T(Mol)*K(A)
       Use K_Scaled(A) with caution.
 
Some Information About the Atomic Calculations:
----------------------------------------------
  Time(sec) = "Elapsed User Time", in Seconds, for Atom A by AIMInt
  NProc = Number of Processors Used for AIMInt Job
  BIM = Basin Integration Method
  OAQ = Angular Quadrature Outside of Beta Sphere
  ORQ = Multiple of Default for Radial Quadrature Outside of Beta Sphere
  IAQ = Multiple of Default for Angular Quadrature Inside of Beta Sphere
  IRQ = Multiple of Default for Radial Quadrature Inside of Beta Sphere
  MIR = Maximum Integration Radius
------------------------------------------------------------------------------------------------------
Atom A     Time(sec)   NProc      BIM              OAQ                 ORQ      IAQ      IRQ      MIR
------------------------------------------------------------------------------------------------------
C1            400        1     Proaim(5)    120*80    (High)           1.00     1.00     1.00    10.00
N2            234        1     Proaim(5)    120*80    (High)           1.00     1.00     1.00    10.00
C3            164        1     Proaim(5)    120*80    (High)           1.00     1.00     1.00    10.00
O4            135        1     Proaim(5)    96*64     (High)           1.00     1.00     1.00    10.00
N5            226        1     Proaim(5)    120*80    (High)           1.00     1.00     1.00    10.00
C6            209        1     Proaim(5)    120*80    (High)           1.00     1.00     1.00    10.00
O7            285        1     Proaim(5)    120*80    (High)           1.00     1.00     1.00    10.00
C8            274        1     Proaim(5)    120*80    (High)           1.00     1.00     1.00    10.00
C9            229        1     Proaim(5)    120*80    (High)           1.00     1.00     1.00    10.00
C10           131        1     Proaim(5)    120*80    (High)           1.00     1.00     1.00    10.00
N11           229        1     Proaim(5)    120*80    (High)           1.00     1.00     1.00    10.00
C12           180        1     Proaim(5)    120*80    (High)           1.00     1.00     1.00    10.00
N13           229        1     Proaim(5)    120*80    (High)           1.00     1.00     1.00    10.00
C14           243        1     Proaim(5)    120*80    (High)           1.00     1.00     1.00    10.00
C15           214        1     Proaim(5)    120*80    (High)           1.00     1.00     1.00    10.00
O16           279        1     Proaim(5)    120*80    (High)           1.00     1.00     1.00    10.00
N17           262        1     Proaim(5)    120*80    (High)           1.00     1.00     1.00    10.00
C18           177        1     Proaim(5)    120*80    (High)           1.00     1.00     1.00    10.00
N19           245        1     Proaim(5)    120*80    (High)           1.00     1.00     1.00    10.00
N20           252        1     Proaim(5)    120*80    (High)           1.00     1.00     1.00    10.00
C21           211        1     Proaim(5)    120*80    (High)           1.00     1.00     1.00    10.00
H22           136        1     Proaim(5)    72*48     (High)           1.00     1.00     1.00    10.00
H23           149        1     Proaim(5)    120*80    (High)           1.00     1.00     1.00    10.00
H24            64        1     Proaim(5)    72*48     (High)           1.00     1.00     1.00    10.00
H25            46        1     Proaim(5)    72*48     (High)           1.00     1.00     1.00    10.00
H26            83        1     Proaim(5)    120*80    (High)           1.00     1.00     1.00    10.00
H27           133        1     Proaim(5)    72*48     (High)           1.00     1.00     1.00    10.00
H28           131        1     Proaim(5)    72*48     (High)           1.00     1.00     1.00    10.00
H29            95        1     Proaim(5)    120*80    (High)           1.00     1.00     1.00    10.00
H30            33        1     Proaim(5)    72*48     (High)           1.00     1.00     1.00    10.00
H31            49        1     Proaim(5)    72*48     (High)           1.00     1.00     1.00    10.00
H32            43        1     Proaim(5)    72*48     (High)           1.00     1.00     1.00    10.00
H33            49        1     Proaim(5)    72*48     (High)           1.00     1.00     1.00    10.00
H34            33        1     Proaim(5)    72*48     (High)           1.00     1.00     1.00    10.00
------------------------------------------------------------------------------------------------------
Total        5852
Note:  Total wall clock time is less than Total of atomic times if more than one atom
       was calculated at a time
 
Electron Density Critical Point Analysis of Molecular Structure:               
---------------------------------------------------------------                
  NACP = Nuclear Attractor Critical Point                                      
  NNACP = Non-Nuclear Attractor Critical Point                                 
  BCP = Bond Critical Point                                                    
  RCP = Ring Critical Point                                                    
  CCP = Cage Critical Point                                                    
  Rho = Electron Density                                                       
  GradRho = Gradient of Electron Density                                       
  HessRho_EigVals = Eigenvalues of the Hessian of Rho, Ascending Order         
  HessRho_EigVecs = Eigenvectors of the Hessian of Rho                         
  DelSqRho = Laplacian of Rho = Trace of Hessian of Rho                        
  Bond Ellipticity = (HessRho_EigVal(1) / HessRho_EigVal(2)) - 1               
  V = Virial Field = Potential Energy Density = Trace of Stress Tensor         
  G = Lagrangian Form of Kinetic Energy Density                                
  K = Hamiltonian Form of Kinetic Energy Density                               
  L = K - G = Lagrangian Density = (-1/4)DelSqRho                              
  Vnuc = Electrostatic Potential from Nuclei                                   
  Ven = Electron-nuclear attractive contribution to Virial Field V             
  Vrep = V - Ven = Repulsive contribution to Virial Field V                    
  DelSqV = Laplacian of V                                                      
  DelSqVen = Laplacian of Ven                                                  
  DelSqVrep = Laplacian of Vrep                                                
  DelSqG = Laplacian of G                                                      
  DelSqK = Laplacian of K                                                      
  Stress_EigVals = Eigenvalues of Stress Tensor, Ascending Order               
  Stress_EigVecs = Eigenvectors of Stress Tensor                               
  -DivStress = Ehrenfest Force Density = Minus Divergence of Stress Tensor     
  BP = Bond Path                                                               
  BPL = Bond Path Length                                                       
  GBL = Geometric Bond Length                                                  
  GBL_I = Distance Between Nuclear Attractors                                  
  GBL_II = Distance Between Nuclei                                             
  GBL_III = Sum of Distances Between BCP and Nuclear Attractors                
  GBL_IV = Sum of Distances Between BCP and Nuclei                             

CP# 1      Coords =  1.14893916664833E+01 -3.11186508207866E+00  1.20683578940964E-01
           Type = (3,-3) NACP C1
           Rho =  1.2062504357E+02     Rho at Nucleus =  1.2062504211E+02
           GradRho =  1.4867940234E-10  1.5022860242E-11 -4.9983043005E-13
           HessRho_EigVals = -2.2220094318E+05 -2.2219887111E+05 -2.2219885128E+05
           HessRho_EigVec1 =  8.0536007011E-01 -5.9249836476E-01  1.8461994241E-02
           HessRho_EigVec2 =  5.8355234176E-01  7.9790633286E-01  1.5103691077E-01
           HessRho_EigVec3 = -1.0422006477E-01 -1.1086555708E-01  9.8835570841E-01
           DelSqRho = -6.6659866557E+05
           Bond Ellipticity = NA
           V = -1.6666020103E+05
           G =  5.2673186990E+00
           K =  1.6665493371E+05
           L =  1.6664966639E+05
           Vnuc =  1.6548401099E+06
           Ven = -1.9961516035E+08
           Vrep =  1.9944850015E+08
           DelSqV =  8.1588786344E+09
           DelSqVen =  1.1031142113E+12
           DelSqVrep = -1.0949553327E+12
           DelSqG =  3.0699980658E+08
           DelSqK = -8.4658784410E+09
           Stress_EigVals = -5.5553592965E+04 -5.5553589979E+04 -5.5553018086E+04
           Stress_EigVec1 = -1.5705449107E-01 -1.8388775062E-01  9.7031911349E-01
           Stress_EigVec2 =  5.7023783098E-01  7.8529567924E-01  2.4112136421E-01
           Stress_EigVec3 =  8.0632667260E-01 -5.9118185978E-01  1.8474461187E-02
           -DivStress =  8.6217053011E+03 -4.3714981081E+03  2.3469175458E+02

CP# 2      Coords =  9.15512716971576E+00 -1.61800383424252E+00  6.12253165847030E-02
           Type = (3,-3) NACP N2
           Rho =  1.9561898790E+02     Rho at Nucleus =  1.9561898780E+02
           GradRho = -5.0837499645E-10  4.4335956667E-10 -7.1253190861E-12
           HessRho_EigVals = -4.9013042810E+05 -4.9012992969E+05 -4.9012097288E+05
           HessRho_EigVec1 =  4.3776742659E-01  8.9824085756E-01  3.9026170946E-02
           HessRho_EigVec2 =  8.9818023946E-01 -4.3886344296E-01  2.5906290169E-02
           HessRho_EigVec3 = -4.0397248044E-02 -2.3711605586E-02  9.9890230859E-01
           DelSqRho = -1.4703813307E+06
           Bond Ellipticity = NA
           V = -3.6763229757E+05
           G =  1.8482452887E+01
           K =  3.6761381512E+05
           L =  3.6759533267E+05
           Vnuc =  1.0728187599E+07
           Ven = -2.0986372001E+09
           Vrep =  2.0982695678E+09
           DelSqV =  2.4427863003E+10
           DelSqVen =  1.5774523589E+13
           DelSqVrep = -1.5750095726E+13
           DelSqG =  9.2111378848E+08
           DelSqK = -2.5348976791E+10
           Stress_EigVals = -1.2254536818E+05 -1.2254351595E+05 -1.2254341344E+05
           Stress_EigVec1 = -4.0406309764E-02 -2.3748076653E-02  9.9890107568E-01
           Stress_EigVec2 =  9.8098342597E-01 -1.9088336092E-01  3.5143427463E-02
           Stress_EigVec3 =  1.8983900575E-01  9.8132541564E-01  3.1009361805E-02
           -DivStress =  4.3069727182E+03 -2.9193169538E+03  5.8975882860E+01

CP# 3      Coords =  9.42388755648208E+00  1.00165963154193E+00  1.34773329805285E-01
           Type = (3,-3) NACP C3
           Rho =  1.2068627117E+02     Rho at Nucleus =  1.2068627023E+02
           GradRho = -3.0799995873E-11 -1.5870321279E-11  8.9729346745E-13
           HessRho_EigVals = -2.2225010300E+05 -2.2224823126E+05 -2.2224705926E+05
           HessRho_EigVec1 = -4.0789941153E-02 -2.3639296107E-02  9.9888806399E-01
           HessRho_EigVec2 = -4.8200733834E-01  8.7616654748E-01  1.0520793338E-03
           HessRho_EigVec3 =  8.7521717676E-01  4.8142846277E-01  4.7133096109E-02
           DelSqRho = -6.6674539352E+05
           Bond Ellipticity = NA
           V = -1.6669635629E+05
           G =  5.0039552841E+00
           K =  1.6669135233E+05
           L =  1.6668634838E+05
           Vnuc =  2.0663402622E+06
           Ven = -2.4937890122E+08
           Vrep =  2.4921220486E+08
           DelSqV =  8.1604276353E+09
           DelSqVen =  1.3777228268E+12
           DelSqVrep = -1.3695623991E+12
           DelSqG =  3.0697792142E+08
           DelSqK = -8.4674055567E+09
           Stress_EigVals = -5.5565990708E+04 -5.5565530698E+04 -5.5564834884E+04
           Stress_EigVec1 =  8.8119518353E-01  4.7039867328E-01  4.7118326540E-02
           Stress_EigVec2 = -4.7099181088E-01  8.8213594271E-01  1.7007846255E-03
           Stress_EigVec3 = -4.0764722570E-02 -2.3691069163E-02  9.9888786690E-01
           -DivStress =  7.0829956891E+03  3.0524040692E+03  3.5951507735E+02

CP# 4      Coords =  1.14787320329366E+01  2.04897574076370E+00  2.43519291905886E-01
           Type = (3,-3) NACP O4
           Rho =  2.9762889506E+02     Rho at Nucleus =  2.9762886790E+02
           GradRho =  5.1405907583E-10 -3.5272411452E-11  1.1877896852E-11
           HessRho_EigVals = -9.6925649946E+05 -9.6925239734E+05 -9.6923521968E+05
           HessRho_EigVec1 =  8.8981990658E-01  4.5380606438E-01  4.7755521096E-02
           HessRho_EigVec2 = -4.1326231122E-02 -2.4080684524E-02  9.9885547666E-01
           HessRho_EigVec3 = -4.5443665838E-01  8.9077504263E-01  2.6733781526E-03
           DelSqRho = -2.9077441165E+06
           Bond Ellipticity = NA
           V = -7.2703313118E+05
           G =  4.8551030086E+01
           K =  7.2698458015E+05
           L =  7.2693602912E+05
           Vnuc =  1.0684764856E+06
           Ven = -3.1800947580E+08
           Vrep =  3.1728244267E+08
           DelSqV =  6.2561993365E+10
           DelSqVen =  3.1068562186E+12
           DelSqVrep = -3.0442942253E+12
           DelSqG =  2.3676362952E+09
           DelSqK = -6.4929629660E+10
           Stress_EigVals = -2.4234761876E+05 -2.4234331845E+05 -2.4234219397E+05
           Stress_EigVec1 = -4.5437514341E-01  8.9080639199E-01  2.6834767850E-03
           Stress_EigVec2 = -4.1288228407E-02 -2.4068928285E-02  9.9885733160E-01
           Stress_EigVec3 =  8.8985308408E-01  4.5374514729E-01  4.7716140520E-02
           -DivStress =  1.3624267106E+05  6.9255413442E+04  7.2154943278E+03

CP# 5      Coords =  7.15463005221473E+00  2.31852535384830E+00  7.37863284276837E-02
           Type = (3,-3) NACP N5
           Rho =  1.9570486731E+02     Rho at Nucleus =  1.9570486719E+02
           GradRho =  4.4425149349E-10 -5.3259976610E-10 -7.1781646458E-12
           HessRho_EigVals = -4.9035654989E+05 -4.9035573859E+05 -4.9034769915E+05
           HessRho_EigVec1 =  9.2497044905E-01 -3.7892383138E-01  2.9092926996E-02
           HessRho_EigVec2 =  3.7788552334E-01  9.2516815741E-01  3.5586679492E-02
           HessRho_EigVec3 = -4.0400490603E-02 -2.1922830966E-02  9.9894303633E-01
           DelSqRho = -1.4710599876E+06
           Bond Ellipticity = NA
           V = -3.6780197592E+05
           G =  1.8489502876E+01
           K =  3.6778348641E+05
           L =  3.6776499691E+05
           Vnuc =  1.0102790295E+07
           Ven = -1.9771652342E+09
           Vrep =  1.9767974322E+09
           DelSqV =  2.4439086641E+10
           DelSqVen =  1.4861813154E+13
           DelSqVrep = -1.4837374067E+13
           DelSqG =  9.2155957541E+08
           DelSqK = -2.5360646216E+10
           Stress_EigVals = -1.2260179406E+05 -1.2260016882E+05 -1.2260001303E+05
           Stress_EigVec1 = -4.0258154701E-02 -2.1927070690E-02  9.9894868965E-01
           Stress_EigVec2 =  5.1958660052E-01  8.5349618627E-01  3.9673978619E-02
           Stress_EigVec3 =  8.5346883103E-01 -5.2063755492E-01  2.2967169384E-02
           -DivStress = -3.6938989514E+03  4.1315960921E+03  4.1812784695E+01

CP# 6      Coords =  4.71586482795135E+00  1.32385751639152E+00 -4.99565675612742E-02
           Type = (3,-3) NACP C6
           Rho =  1.2082288616E+02     Rho at Nucleus =  1.2082288496E+02
           GradRho = -2.6946527464E-11  4.1099768598E-12  7.0334434955E-13
           HessRho_EigVals = -2.2254640759E+05 -2.2254391666E+05 -2.2254250126E+05
           HessRho_EigVec1 = -4.0421139570E-02 -2.3057874436E-02  9.9891664612E-01
           HessRho_EigVec2 =  9.4277007738E-01  3.3028684605E-01  4.5773142015E-02
           HessRho_EigVec3 = -3.3098445988E-01  9.4359892632E-01  8.3877033641E-03
           DelSqRho = -6.6763282552E+05
           Bond Ellipticity = NA
           V = -1.6691818144E+05
           G =  4.9875327426E+00
           K =  1.6691319391E+05
           L =  1.6690820638E+05
           Vnuc =  1.8280713457E+06
           Ven = -2.2087285609E+08
           Vrep =  2.2070593791E+08
           DelSqV =  8.1713382545E+09
           DelSqVen =  1.2204804219E+12
           DelSqVrep = -1.2123090836E+12
           DelSqG =  3.0744769083E+08
           DelSqK = -8.4787859453E+09
           Stress_EigVals = -5.5640012723E+04 -5.5639506132E+04 -5.5638662590E+04
           Stress_EigVec1 = -4.2525520777E-01  9.0506610843E-01  3.6534402914E-03
           Stress_EigVec2 =  9.0415941404E-01  4.2464089293E-01  4.6646179426E-02
           Stress_EigVec3 = -4.0666475939E-02 -2.3139823157E-02  9.9890479342E-01
           -DivStress = -6.3901722097E+03 -5.9897720336E+03 -3.8795343591E+02

CP# 7      Coords =  2.87998362384572E+00  2.77962790589523E+00 -9.20218885273081E-02
           Type = (3,-3) NACP O7
           Rho =  2.9754804090E+02     Rho at Nucleus =  2.9754801833E+02
           GradRho =  1.7333978975E-10 -5.8657993691E-11  4.3373623920E-12
           HessRho_EigVals = -9.6900967441E+05 -9.6900448924E+05 -9.6898777963E+05
           HessRho_EigVec1 =  8.0041978889E-01 -5.9919117814E-01  1.7265387209E-02
           HessRho_EigVec2 = -3.8192204238E-02 -2.2232096279E-02  9.9902306752E-01
           HessRho_EigVec3 =  5.9822196306E-01  8.0029723599E-01  4.0679441663E-02
           DelSqRho = -2.9070019433E+06
           Bond Ellipticity = NA
           V = -7.2684787189E+05
           G =  4.8693033694E+01
           K =  7.2679917885E+05
           L =  7.2675048582E+05
           Vnuc =  1.1722203459E+06
           Ven = -3.4879186742E+08
           Vrep =  3.4806501955E+08
           DelSqV =  6.2546301744E+10
           DelSqVen =  3.4076468234E+12
           DelSqVrep = -3.3451005217E+12
           DelSqG =  2.3670726130E+09
           DelSqK = -6.4913374357E+10
           Stress_EigVals = -2.4228585483E+05 -2.4228165026E+05 -2.4228036679E+05
           Stress_EigVec1 =  6.0202828761E-01  7.9742677234E-01  4.0896010514E-02
           Stress_EigVec2 = -3.9180997588E-02 -2.1653327333E-02  9.9899748891E-01
           Stress_EigVec3 =  7.9751287786E-01 -6.0302709406E-01  1.8208060869E-02
           -DivStress = -1.0734043636E+05  8.8963716079E+04 -2.6184092886E+03

CP# 8      Coords =  4.61374472032494E+00 -1.40460757198671E+00 -1.17111836195773E-01
           Type = (3,-3) NACP C8
           Rho =  1.2084605751E+02     Rho at Nucleus =  1.2084605719E+02
           GradRho =  2.9394384023E-09  3.0343657251E-09  1.8720586987E-10
           HessRho_EigVals = -2.2267561478E+05 -2.2267549267E+05 -2.2267492278E+05
           HessRho_EigVec1 = -2.2240783505E-01  9.7478046143E-01  1.8379524806E-02
           HessRho_EigVec2 = -3.7884101579E-02 -2.7478091698E-02  9.9890427435E-01
           HessRho_EigVec3 =  9.7421740374E-01  2.2146784530E-01  4.3040024904E-02
           DelSqRho = -6.6802603024E+05
           Bond Ellipticity = NA
           V = -1.6701750554E+05
           G =  5.4989884475E+00
           K =  1.6701200655E+05
           L =  1.6700650756E+05
           Vnuc =  3.5196889184E+06
           Ven = -4.2534052946E+08
           Vrep =  4.2517351196E+08
           DelSqV =  8.1764385211E+09
           DelSqVen =  2.3512439849E+12
           DelSqVrep = -2.3430675464E+12
           DelSqG =  3.0775448774E+08
           DelSqK = -8.4841930089E+09
           Stress_EigVals = -5.5672707576E+04 -5.5672510837E+04 -5.5672287124E+04
           Stress_EigVec1 =  9.9656364798E-01  7.2094992026E-02  4.0782442952E-02
           Stress_EigVec2 = -7.2912712313E-02  9.9715865849E-01  1.8930034073E-02
           Stress_EigVec3 = -3.9301805448E-02 -2.1838542342E-02  9.9898871173E-01
           -DivStress = -3.1761510418E+03 -3.2582949978E+03 -1.9988898671E+02

CP# 9      Coords =  6.80588622222515E+00 -2.72965764953261E+00 -5.88477140970283E-02
           Type = (3,-3) NACP C9
           Rho =  1.2089888091E+02     Rho at Nucleus =  1.2089887935E+02
           GradRho = -5.3417941181E-12 -2.0918672527E-11 -7.0061883338E-13
           HessRho_EigVals = -2.2273437358E+05 -2.2273285026E+05 -2.2273130114E+05
           HessRho_EigVec1 = -4.0166113150E-02 -2.2767376535E-02  9.9893359635E-01
           HessRho_EigVec2 =  8.0516293739E-01  5.9127855362E-01  4.5851022813E-02
           HessRho_EigVec3 = -5.9169191951E-01  8.0614596606E-01 -5.4179135205E-03
           DelSqRho = -6.6819852498E+05
           Bond Ellipticity = NA
           V = -1.6706001457E+05
           G =  5.1916637315E+00
           K =  1.6705482291E+05
           L =  1.6704963125E+05
           Vnuc =  1.6038915082E+06
           Ven = -1.9390868845E+08
           Vrep =  1.9374162844E+08
           DelSqV =  8.1783719860E+09
           DelSqVen =  1.0717179412E+12
           DelSqVrep = -1.0635395693E+12
           DelSqG =  3.0777660553E+08
           DelSqK = -8.4861485916E+09
           Stress_EigVals = -5.5687191924E+04 -5.5686713459E+04 -5.5686109190E+04
           Stress_EigVec1 = -6.3311528612E-01  7.7401714907E-01 -7.9048986305E-03
           Stress_EigVec2 =  7.7301311914E-01  6.3275840606E-01  4.5469959288E-02
           Stress_EigVec3 = -4.0196419314E-02 -2.2677135938E-02  9.9893442997E-01
           -DivStress = -9.8518215758E+03 -1.7181649033E+03 -4.2932406590E+02

CP# 10     Coords = -1.17875818735157E+01  1.01558013432011E+00  3.13953364969740E-01
           Type = (3,-3) NACP C10
           Rho =  1.2061225066E+02     Rho at Nucleus =  1.2061224937E+02
           GradRho = -5.8990609220E-12 -2.2083777385E-11 -4.4413220075E-12
           HessRho_EigVals = -2.2218251890E+05 -2.2218068650E+05 -2.2218068496E+05
           HessRho_EigVec1 =  8.3515215983E-01 -5.4765557788E-01 -5.0933662227E-02
           HessRho_EigVec2 =  2.4319897925E-01  4.5074724701E-01 -8.5888368002E-01
           HessRho_EigVec3 =  4.9333064614E-01  7.0491154575E-01  5.0963181440E-01
           DelSqRho = -6.6654389036E+05
           Bond Ellipticity = NA
           V = -1.6664651857E+05
           G =  5.2729917320E+00
           K =  1.6664124558E+05
           L =  1.6663597259E+05
           Vnuc =  1.7607666554E+06
           Ven = -2.1237002920E+08
           Vrep =  2.1220338268E+08
           DelSqV =  8.1582352138E+09
           DelSqVen =  1.1736282747E+12
           DelSqVrep = -1.1654700395E+12
           DelSqG =  3.0698189731E+08
           DelSqK = -8.4652171111E+09
           Stress_EigVals = -5.5549007420E+04 -5.5549004133E+04 -5.5548507018E+04
           Stress_EigVec1 =  5.4860529583E-01  8.3579278206E-01  2.1969406698E-02
           Stress_EigVec2 =  3.0553833396E-02 -4.6300438844E-02  9.9846018079E-01
           Stress_EigVec3 =  8.3552300546E-01 -5.4708929327E-01 -5.0937339367E-02
           -DivStress = -7.0073937228E+03  5.7737956782E+03  4.0827276243E+02

CP# 11     Coords = -9.55550041529872E+00 -5.79331148165618E-01  1.78734136415549E-01
           Type = (3,-3) NACP N11
           Rho =  1.9567665176E+02     Rho at Nucleus =  1.9567665174E+02
           GradRho =  3.3758845718E-11  6.2807931910E-11 -6.5497395105E-12
           HessRho_EigVals = -4.9027499781E+05 -4.9027467973E+05 -4.9026744871E+05
           HessRho_EigVec1 =  9.4030341793E-01 -3.3574117725E-01 -5.5743556735E-02
           HessRho_EigVec2 =  3.3556274300E-01  9.4193073997E-01 -1.2811190958E-02
           HessRho_EigVec3 =  5.6807813978E-02 -6.6590541567E-03  9.9836292463E-01
           DelSqRho = -1.4708171263E+06
           Bond Ellipticity = NA
           V = -3.6774100423E+05
           G =  1.8361333398E+01
           K =  3.6772264290E+05
           L =  3.6770428156E+05
           Vnuc =  2.4059626323E+07
           Ven = -4.7079071214E+09
           Vrep =  4.7075393804E+09
           DelSqV =  2.4435032120E+10
           DelSqVen =  3.5387267351E+13
           DelSqVrep = -3.5362832318E+13
           DelSqG =  9.2138746179E+08
           DelSqK = -2.5356419582E+10
           Stress_EigVals = -1.2258129591E+05 -1.2257987691E+05 -1.2257983141E+05
           Stress_EigVec1 =  5.6710938965E-02 -6.5074231065E-03  9.9836943205E-01
           Stress_EigVec2 = -7.4718988968E-02  9.9714675166E-01  1.0743758263E-02
           Stress_EigVec3 =  9.9559075030E-01  7.5206443199E-02 -5.6062900497E-02
           -DivStress = -5.9011143258E+02 -2.2301291883E+03  2.1991909144E+02

CP# 12     Coords = -9.44923414503332E+00 -3.19851962460697E+00  1.50352416027073E-01
           Type = (3,-3) NACP C12
           Rho =  1.2077594678E+02     Rho at Nucleus =  1.2077594608E+02
           GradRho = -1.0844435639E-10  6.8065755702E-12 -1.8477443967E-12
           HessRho_EigVals = -2.2246907752E+05 -2.2246904433E+05 -2.2246765816E+05
           HessRho_EigVec1 =  5.3510829536E-02  2.2059160198E-02  9.9832358711E-01
           HessRho_EigVec2 = -1.3591996277E-01  9.9061218722E-01 -1.4603364242E-02
           HessRho_EigVec3 =  9.8927365013E-01  1.3491066665E-01 -5.6006760119E-02
           DelSqRho = -6.6740578001E+05
           Bond Ellipticity = NA
           V = -1.6686193896E+05
           G =  5.2469803457E+00
           K =  1.6685669198E+05
           L =  1.6685144500E+05
           Vnuc =  2.3891467368E+06
           Ven = -2.8855145914E+08
           Vrep =  2.8838459720E+08
           DelSqV =  8.1686318928E+09
           DelSqVen =  1.5945303818E+12
           DelSqVrep = -1.5863617499E+12
           DelSqG =  3.0735901635E+08
           DelSqK = -8.4759909091E+09
           Stress_EigVals = -5.5621031283E+04 -5.5620565389E+04 -5.5620342293E+04
           Stress_EigVec1 =  9.9423536422E-01  9.0822880351E-02 -5.6984602640E-02
           Stress_EigVec2 = -9.0261846160E-02  9.9584151022E-01  1.2348508313E-02
           Stress_EigVec3 =  5.7869159845E-02 -7.1337882234E-03  9.9829868747E-01
           -DivStress =  1.3924924240E+03 -6.5556680525E+03 -1.3031345387E+02

CP# 13     Coords = -7.14538211042180E+00 -4.09036055946471E+00  8.20359055086489E-03
           Type = (3,-3) NACP N13
           Rho =  1.9620869248E+02     Rho at Nucleus =  1.9620867403E+02
           GradRho =  5.0682860659E-11  9.1713988560E-11  4.0206466628E-13
           HessRho_EigVals = -4.9158324417E+05 -4.9158275135E+05 -4.9157341894E+05
           HessRho_EigVec1 =  4.3177753673E-02 -1.2744368963E-02  9.9898611734E-01
           HessRho_EigVec2 =  9.5087867932E-01  3.0732319144E-01 -3.7177859233E-02
           HessRho_EigVec3 = -3.0653779343E-01  9.5151985637E-01  2.5387873786E-02
           DelSqRho = -1.4747394145E+06
           Bond Ellipticity = NA
           V = -3.6871915880E+05
           G =  1.7152594611E+01
           K =  3.6870200621E+05
           L =  3.6868485361E+05
           Vnuc =  8.0797856284E+05
           Ven = -1.5853241737E+08
           Vrep =  1.5816369821E+08
           DelSqV =  2.4499314468E+10
           DelSqVen =  1.1915578350E+12
           DelSqVrep = -1.1670585205E+12
           DelSqG =  9.2378922970E+08
           DelSqK = -2.5423103697E+10
           Stress_EigVals = -1.2290778234E+05 -1.2290592124E+05 -1.2290545523E+05
           Stress_EigVec1 = -3.2538575684E-01  9.4521072718E-01  2.6472447243E-02
           Stress_EigVec2 =  9.4400847776E-01  3.2633127389E-01 -4.8537548449E-02
           Stress_EigVec3 =  5.4516998896E-02 -9.1967876872E-03  9.9847048826E-01
           -DivStress =  1.9543649705E+04 -6.6517055420E+04 -1.6200156606E+03

CP# 14     Coords = -5.63009131704302E+00 -1.96565613256618E+00 -6.59324569489190E-02
           Type = (3,-3) NACP C14
           Rho =  1.2077954739E+02     Rho at Nucleus =  1.2077954730E+02
           GradRho =  8.0525609726E-11 -4.9332169099E-10  1.3378534391E-12
           HessRho_EigVals = -2.2254558457E+05 -2.2254511954E+05 -2.2254448205E+05
           HessRho_EigVec1 =  4.4598655911E-01  8.9482779216E-01 -1.9473352563E-02
           HessRho_EigVec2 =  8.9332328008E-01 -4.4637270379E-01 -5.2200829396E-02
           HessRho_EigVec3 =  5.5403125953E-02 -5.8848691001E-03  9.9844672464E-01
           DelSqRho = -6.6763518615E+05
           Bond Ellipticity = NA
           V = -1.6691990248E+05
           G =  5.5529704338E+00
           K =  1.6691434951E+05
           L =  1.6690879654E+05
           Vnuc =  7.0464881388E+06
           Ven = -8.5107164806E+08
           Vrep =  8.5090472816E+08
           DelSqV =  8.1716766537E+09
           DelSqVen =  4.7044840653E+12
           DelSqVrep = -4.6963123886E+12
           DelSqG =  3.0756362302E+08
           DelSqK = -8.4792402767E+09
           Stress_EigVals = -5.5640060235E+04 -5.5639928900E+04 -5.5639913344E+04
           Stress_EigVec1 =  9.7680276213E-01 -2.0650849518E-01 -5.6662203593E-02
           Stress_EigVec2 =  6.2732879999E-02  2.2962840452E-02  9.9776615182E-01
           Stress_EigVec3 =  2.0474606142E-01  9.7817531628E-01 -3.5385038627E-02
           -DivStress = -3.2902180947E+02  2.2557232893E+03 -2.1314102012E+00

CP# 15     Coords = -2.93150074320979E+00 -1.70752491153058E+00 -2.07255709809104E-01
           Type = (3,-3) NACP C15
           Rho =  1.2080100641E+02     Rho at Nucleus =  1.2080100505E+02
           GradRho =  4.9395231273E-11 -2.0143615868E-11  2.8065817899E-12
           HessRho_EigVals = -2.2250423779E+05 -2.2250224269E+05 -2.2250063133E+05
           HessRho_EigVec1 =  5.0067067069E-02 -4.9637362322E-04  9.9874573461E-01
           HessRho_EigVec2 =  2.8594295752E-01  9.5814642820E-01 -1.3858108363E-02
           HessRho_EigVec3 =  9.5693777950E-01 -2.8627814400E-01 -4.8113516024E-02
           DelSqRho = -6.6750711180E+05
           Bond Ellipticity = NA
           V = -1.6688675320E+05
           G =  4.9876267210E+00
           K =  1.6688176558E+05
           L =  1.6687677795E+05
           Vnuc =  1.7203730825E+06
           Ven = -2.0782279976E+08
           Vrep =  2.0765591301E+08
           DelSqV =  8.1698085370E+09
           DelSqVen =  1.1483612733E+12
           DelSqVrep = -1.1401914648E+12
           DelSqG =  3.0738743400E+08
           DelSqK = -8.4771959710E+09
           Stress_EigVals = -5.5629554373E+04 -5.5628944481E+04 -5.5628254350E+04
           Stress_EigVec1 =  9.3295025078E-01 -3.5689358819E-01 -4.7231306043E-02
           Stress_EigVec2 =  3.5646849021E-01  9.3414486518E-01 -1.7423729237E-02
           Stress_EigVec3 =  5.0339299263E-02 -5.8099979446E-04  9.9873200479E-01
           -DivStress = -3.5304973563E+03 -8.6111694340E+03  2.2179830178E+02

CP# 16     Coords = -1.26546757568229E+00 -3.33226782183053E+00 -2.90208684679056E-01
           Type = (3,-3) NACP O16
           Rho =  2.9757865467E+02     Rho at Nucleus =  2.9757863014E+02
           GradRho = -7.7476714490E-11  1.1836945323E-10  7.6117520490E-12
           HessRho_EigVals = -9.6909539033E+05 -9.6909103391E+05 -9.6907365778E+05
           HessRho_EigVec1 =  7.2491722542E-01 -6.8819109877E-01 -2.9799796442E-02
           HessRho_EigVec2 =  4.6559964482E-02  5.7907490952E-03  9.9889871205E-01
           HessRho_EigVec3 =  6.8726063906E-01  7.2550636027E-01 -3.6239966883E-02
           DelSqRho = -2.9072600820E+06
           Bond Ellipticity = NA
           V = -7.2691219582E+05
           G =  4.8587659839E+01
           K =  7.2686360816E+05
           L =  7.2681502051E+05
           Vnuc =  1.1244031761E+06
           Ven = -3.3459838445E+08
           Vrep =  3.3387147226E+08
           DelSqV =  6.2551704295E+10
