AIMSum (Version 11.12.19, Professional)
Copyright (c) 1997-2011 by Todd A. Keith
AIMSum is a component of the AIMAll package ( http://aim.tkgristmill.com )

Much of the Quantum Theory of Atoms in Molecules (QTAIM) is described in the book:
  "Atoms in Molecules - A Quantum Theory"
  R.F.W. Bader, Oxford University Press, Oxford, 1990

For additional references see:  http://aim.tkgristmill.com/references.html

Wfx File:  /home4/vemuri/FCHK/CHK-Neutral/GGWHT/chk-Mp2-spe-fopt-GGWHT-33-corrected5.wfx
Sum File:  /home4/vemuri/FCHK/CHK-Neutral/GGWHT/chk-Mp2-spe-fopt-GGWHT-33-corrected5.sum

SumViz File:  /home4/vemuri/FCHK/CHK-Neutral/GGWHT/chk-Mp2-spe-fopt-GGWHT-33-corrected5.sumviz

Wfx Title:  CHK-Mp2-Spe-GGWHT-from-fopt-step33                                             
 
Total memory allocated for AIMSum =       26.609 Megabytes

Atomic units (a.u.) used throughout, except where stated otherwise

Restricted, closed-shell, single-determinant wavefunction.
  Number of electrons (from MO Occs)                   =         172.0000000000
  Number of Alpha electrons (from MO Occs)             =          86.0000000000
  Number of Beta electrons (from MO Occs)              =          86.0000000000
  Number of electron pairs (N*(N-1)/2)                 =       14706.0000000000
  Number of electron pairs (from Muller 2EDM)          =       14706.0000000000
 
Nuclear Charges and Cartesian Coordinates:
-------------------------------------------------------------------------------
Atom      Charge                X                  Y                  Z
-------------------------------------------------------------------------------
C1         6.0          -7.0319525100E+00   6.1921941200E+00   1.7226743400E-02
N2         7.0          -5.6824121500E+00   3.7925537400E+00  -4.1196029700E-02
C3         6.0          -3.0952277900E+00   3.4364443000E+00  -1.4952836000E-01
N4         7.0          -2.4671697500E+00   1.0370495800E+00  -1.7418361700E-01
C5         6.0          -4.7176880600E+00  -2.5643961600E-01  -7.5857386400E-02
C6         6.0          -5.1865688000E+00  -2.9140559600E+00  -9.9947615200E-03
O7         8.0          -3.6865835600E+00  -4.6925906100E+00  -2.3415596500E-02
N8         7.0          -7.8339522800E+00  -3.3851439000E+00   1.0695283000E-01
C9         6.0          -9.7003384100E+00  -1.5700166000E+00   1.5322088500E-01
N10        7.0          -1.2144937300E+01  -2.4170334200E+00   3.6997247200E-01
N11        7.0          -9.2469666500E+00   8.6932882300E-01   9.6253200600E-02
C12        6.0          -6.7431286600E+00   1.4238651800E+00   9.0272217400E-03
C13        6.0           1.2016708000E+01  -2.7815408100E+00   2.1958995600E-01
N14        7.0           1.0311120600E+01  -6.3230047400E-01   1.5948343700E-01
C15        6.0           1.0927764700E+01   1.9152261000E+00   2.3309960800E-01
N16        7.0           8.9561623700E+00   3.4081513200E+00   1.5393898100E-01
C17        6.0           6.9139844700E+00   1.7837502900E+00   2.0624471000E-02
C18        6.0           4.2452130700E+00   2.2732422700E+00  -1.0015170600E-01
O19        8.0           3.0846963400E+00   4.2940624900E+00  -1.1345915700E-01
N20        7.0           2.8721437300E+00  -3.0881904500E-02  -2.1444990100E-01
C21        6.0           3.8726667900E+00  -2.4166384700E+00  -2.0447781600E-01
N22        7.0           2.2214883400E+00  -4.3808330400E+00  -3.8460651100E-01
N23        7.0           6.3284755000E+00  -2.8803678100E+00  -8.0345486000E-02
C24        6.0           7.7210468100E+00  -7.3512803200E-01   2.2916708800E-02
H25        1.0          -1.7460880500E+00   4.9750630900E+00  -1.9770881700E-01
H26        1.0          -8.2945427900E+00  -5.2367202400E+00   2.7944892100E-01
H27        1.0          -1.3461607700E+01  -1.0544860800E+00   1.2742612300E-01
H28        1.0           1.2877336500E+01   2.5232435900E+00   3.4309111800E-01
H29        1.0           9.3642355000E-01   1.9595704100E-01  -2.6418182400E-01
H30        1.0           3.2118730200E-01  -4.1745410900E+00  -2.0855773500E-01
H31        1.0           1.1657648700E+01  -3.9469632600E+00   1.8884845800E+00
H32        1.0           1.1765187300E+01  -3.9491704600E+00  -1.4666882600E+00
H33        1.0           1.3957696700E+01  -2.0846098100E+00   2.8163911400E-01
H34        1.0           2.9570226700E+00  -6.1226238500E+00  -1.6178890300E-01
H35        1.0          -8.1451826200E+00   6.3452090300E+00   1.7498183700E+00
H36        1.0          -5.6501715300E+00   7.7201813200E+00  -4.4907451800E-02
H37        1.0          -8.2943764900E+00   6.3425936400E+00  -1.6101562700E+00
H38        1.0          -1.2597978300E+01  -4.1139508000E+00  -3.7782617400E-01
 
Some Atomic Properties:
----------------------
  q(A) = Net Charge of Atom A
  L(A) = Lagrangian of Atom A = -(1/4) Times Atomic Integral of the Laplacian of the Electron Density
  K(A) = Electronic Kinetic Energy of Atom A (Hamiltonian Form)
  K_Scaled(A) = K(A) * E(Mol)/K(Mol) = Approximation to Virial-Based Total Energy of Atom A.
  |Mu_Intra(A)| = Magnitude of Intraatomic Dipole Moment of Atom A
--------------------------------------------------------------------------------------------------
Atom A          q(A)              L(A)              K(A)          K_Scaled(A)      |Mu_Intra(A)|
--------------------------------------------------------------------------------------------------
C1        6.6899129830E-01 -2.3202625716E-04  3.7356344441E+01 -3.7419237692E+01  5.2830601805E-01
N2       -1.5683997783E+00  3.4657833658E-04  5.5374365466E+01 -5.5467593911E+01  1.7228250721E-01
C3        1.3376305450E+00  3.2284712380E-04  3.6952420246E+01 -3.7014633450E+01  8.5570637380E-01
N4       -1.4646470866E+00  1.5785095734E-05  5.5172857641E+01 -5.5265746827E+01  2.7260448126E-01
C5        5.4552353880E-01  9.6366386384E-05  3.7585901433E+01 -3.7649181168E+01  5.6968732763E-01
C6        1.6186807156E+00  1.6315464364E-03  3.6750884864E+01 -3.6812758762E+01  8.5183483148E-01
O7       -1.3638100152E+00 -2.9161652637E-05  7.5487266260E+01 -7.5614356844E+01  5.7209742698E-01
N8       -1.4915218413E+00  6.9825046924E-05  5.5247376857E+01 -5.5340391503E+01  1.1964341286E-01
C9        1.9203576999E+00 -2.0921410844E-03  3.6628712364E+01 -3.6690380572E+01  5.4201215179E-02
N10      -1.3774920597E+00 -5.8224881849E-05  5.5057120127E+01 -5.5149814456E+01  6.3614456186E-02
N11      -1.4415961016E+00  3.0032795199E-06  5.5122866190E+01 -5.5215671210E+01  1.0100111999E-01
C12       1.1293202333E+00  2.0220442620E-04  3.7199526991E+01 -3.7262156224E+01  7.6939464112E-01
C13       6.9150897420E-01 -6.2504706862E-05  3.7341416836E+01 -3.7404284955E+01  5.2376647366E-01
N14      -1.5737877155E+00  1.6156775432E-04  5.5384278875E+01 -5.5477524011E+01  1.6812542208E-01
C15       1.3542380852E+00  3.1536537145E-04  3.6940058622E+01 -3.7002251014E+01  7.4128807322E-01
N16      -1.4167288189E+00  1.3182925852E-04  5.5088328534E+01 -5.5181075407E+01  2.8031686296E-01
C17       5.2389000930E-01 -2.2746657248E-04  3.7570423396E+01 -3.7633677072E+01  5.6100110307E-01
C18       1.6272764894E+00  2.7530623271E-04  3.6736944250E+01 -3.6798794678E+01  8.3260634342E-01
O19      -1.3693025198E+00  7.9164214641E-05  7.5477344441E+01 -7.5604418321E+01  5.4806773070E-01
N20      -1.5523346662E+00 -2.3712172903E-04  5.5304869513E+01 -5.5397980954E+01  6.1109324419E-02
C21       1.9269132206E+00  5.9700834189E-05  3.6630451901E+01 -3.6692123038E+01  9.2433194529E-02
N22      -1.4584038557E+00  7.4280501829E-05  5.5116080854E+01 -5.5208874450E+01  1.0709511693E-01
N23      -1.4191567058E+00  1.4428462429E-04  5.5083327275E+01 -5.5176065727E+01  4.1011541321E-02
C24       1.1134135155E+00 -1.2046807700E-04  3.7206583269E+01 -3.7269224382E+01  7.9235053939E-01
H25       1.2774681188E-01  9.7725656654E-06  5.6117307187E-01 -5.6211786451E-01  1.0463768661E-01
H26       4.9817340858E-01  3.1791140461E-05  3.9324264004E-01 -3.9390470450E-01  1.6546418577E-01
H27       4.9736050553E-01  2.6616288855E-05  3.9169445921E-01 -3.9235391716E-01  1.6783911215E-01
H28       1.0086506030E-02  3.1602870247E-05  6.1355437255E-01 -6.1458735450E-01  1.0169249537E-01
H29       5.8122628169E-01 -1.2826661248E-04  3.4918527167E-01 -3.4977316102E-01  1.1508964740E-01
H30       5.4860040177E-01  2.8815433015E-05  3.6585905173E-01 -3.6647501311E-01  1.3442861740E-01
H31      -3.3748261700E-02  3.5141821803E-05  6.3472728767E-01 -6.3579591641E-01  1.0258300275E-01
H32      -3.0523205400E-02  3.9569203547E-05  6.3339186871E-01 -6.3445824913E-01  1.0253954908E-01
H33      -4.9504673300E-02  4.7581924006E-05  6.4108203342E-01 -6.4216136102E-01  9.7513136111E-02
H34       4.8637140023E-01  2.3646937197E-05  3.9908052369E-01 -3.9975241684E-01  1.7144860422E-01
H35      -2.3974354200E-02  3.4977592098E-05  6.3099453876E-01 -6.3205688302E-01  9.9707165214E-02
H36      -2.1883595000E-02  4.1664357612E-05  6.2984538581E-01 -6.3090579536E-01  9.5891484190E-02
H37      -2.5118220900E-02  3.5716768439E-05  6.3145921056E-01 -6.3252233715E-01  9.9786326045E-02
H38       4.7518860958E-01  1.8996887218E-05  4.0285075353E-01 -4.0352899425E-01  1.7499257460E-01
--------------------------------------------------------------------------------------------------
Total     5.6477529000E-04  1.1481671398E-03  1.1550938911E+03 -1.1570386106E+03
 
Note.  Potentially significant integration error for the following atom:  C9      
 
Molecular charge q(Mol) from the wfx file:   0.0000000000E+00
Molecular energy E(Mol) from the wfx file:  -1.1570385544E+03
Molecular virial ratio (-V(Mol)/T(Mol)) from the wfx file:   2.0016836030E+00
Note.  K_Scaled(A) = (1+V(Mol)/T(Mol))*K(A) = E(Mol)/T(Mol)*K(A)
       Use K_Scaled(A) with caution.
 
Some Information About the Atomic Calculations:
----------------------------------------------
  Time(sec) = "Elapsed User Time", in Seconds, for Atom A by AIMInt
  NProc = Number of Processors Used for AIMInt Job
  BIM = Basin Integration Method
  OAQ = Angular Quadrature Outside of Beta Sphere
  ORQ = Multiple of Default for Radial Quadrature Outside of Beta Sphere
  IAQ = Multiple of Default for Angular Quadrature Inside of Beta Sphere
  IRQ = Multiple of Default for Radial Quadrature Inside of Beta Sphere
  MIR = Maximum Integration Radius
------------------------------------------------------------------------------------------------------
Atom A     Time(sec)   NProc      BIM              OAQ                 ORQ      IAQ      IRQ      MIR
------------------------------------------------------------------------------------------------------
C1            174        1     Proaim(5)    120*80    (High)           1.00     1.00     1.00    10.00
N2            309        1     Proaim(5)    120*80    (High)           1.00     1.00     1.00    10.00
C3            267        1     Proaim(5)    120*80    (High)           1.00     1.00     1.00    10.00
N4            353        1     Proaim(5)    120*80    (High)           1.00     1.00     1.00    10.00
C5            340        1     Proaim(5)    120*80    (High)           1.00     1.00     1.00    10.00
C6            266        1     Proaim(5)    120*80    (High)           1.00     1.00     1.00    10.00
O7            303        1     Proaim(5)    120*80    (High)           1.00     1.00     1.00    10.00
N8            270        1     Proaim(5)    120*80    (High)           1.00     1.00     1.00    10.00
C9            185        1     Proaim(5)    120*80    (High)           1.00     1.00     1.00    10.00
N10           221        1     Proaim(5)    120*80    (High)           1.00     1.00     1.00    10.00
N11           256        1     Proaim(5)    120*80    (High)           1.00     1.00     1.00    10.00
C12           263        1     Proaim(5)    120*80    (High)           1.00     1.00     1.00    10.00
C13           153        1     Proaim(5)    120*80    (High)           1.00     1.00     1.00    10.00
N14           277        1     Proaim(5)    120*80    (High)           1.00     1.00     1.00    10.00
C15           210        1     Proaim(5)    120*80    (High)           1.00     1.00     1.00    10.00
N16           267        1     Proaim(5)    120*80    (High)           1.00     1.00     1.00    10.00
C17           298        1     Proaim(5)    120*80    (High)           1.00     1.00     1.00    10.00
C18           252        1     Proaim(5)    120*80    (High)           1.00     1.00     1.00    10.00
O19           280        1     Proaim(5)    120*80    (High)           1.00     1.00     1.00    10.00
N20           340        1     Proaim(5)    120*80    (High)           1.00     1.00     1.00    10.00
C21           230        1     Proaim(5)    120*80    (High)           1.00     1.00     1.00    10.00
N22           303        1     Proaim(5)    120*80    (High)           1.00     1.00     1.00    10.00
N23           270        1     Proaim(5)    120*80    (High)           1.00     1.00     1.00    10.00
C24           237        1     Proaim(5)    120*80    (High)           1.00     1.00     1.00    10.00
H25           133        1     Proaim(5)    120*80    (High)           1.00     1.00     1.00    10.00
H26            38        1     Proaim(5)    72*48     (High)           1.00     1.00     1.00    10.00
H27            31        1     Proaim(5)    72*48     (High)           1.00     1.00     1.00    10.00
H28            49        1     Proaim(5)    72*48     (High)           1.00     1.00     1.00    10.00
H29           121        1     Proaim(5)    120*80    (High)           1.00     1.00     1.00    10.00
H30           108        1     Proaim(5)    120*80    (High)           1.00     1.00     1.00    10.00
H31            56        1     Proaim(5)    72*48     (High)           1.00     1.00     1.00    10.00
H32            56        1     Proaim(5)    72*48     (High)           1.00     1.00     1.00    10.00
H33            47        1     Proaim(5)    72*48     (High)           1.00     1.00     1.00    10.00
H34            42        1     Proaim(5)    72*48     (High)           1.00     1.00     1.00    10.00
H35            62        1     Proaim(5)    72*48     (High)           1.00     1.00     1.00    10.00
H36            60        1     Proaim(5)    72*48     (High)           1.00     1.00     1.00    10.00
H37            61        1     Proaim(5)    72*48     (High)           1.00     1.00     1.00    10.00
H38            34        1     Proaim(5)    72*48     (High)           1.00     1.00     1.00    10.00
------------------------------------------------------------------------------------------------------
Total        7222
Note:  Total wall clock time is less than Total of atomic times if more than one atom
       was calculated at a time
 
Electron Density Critical Point Analysis of Molecular Structure:               
---------------------------------------------------------------                
  NACP = Nuclear Attractor Critical Point                                      
  NNACP = Non-Nuclear Attractor Critical Point                                 
  BCP = Bond Critical Point                                                    
  RCP = Ring Critical Point                                                    
  CCP = Cage Critical Point                                                    
  Rho = Electron Density                                                       
  GradRho = Gradient of Electron Density                                       
  HessRho_EigVals = Eigenvalues of the Hessian of Rho, Ascending Order         
  HessRho_EigVecs = Eigenvectors of the Hessian of Rho                         
  DelSqRho = Laplacian of Rho = Trace of Hessian of Rho                        
  Bond Ellipticity = (HessRho_EigVal(1) / HessRho_EigVal(2)) - 1               
  V = Virial Field = Potential Energy Density = Trace of Stress Tensor         
  G = Lagrangian Form of Kinetic Energy Density                                
  K = Hamiltonian Form of Kinetic Energy Density                               
  L = K - G = Lagrangian Density = (-1/4)DelSqRho                              
  Vnuc = Electrostatic Potential from Nuclei                                   
  Ven = Electron-nuclear attractive contribution to Virial Field V             
  Vrep = V - Ven = Repulsive contribution to Virial Field V                    
  DelSqV = Laplacian of V                                                      
  DelSqVen = Laplacian of Ven                                                  
  DelSqVrep = Laplacian of Vrep                                                
  DelSqG = Laplacian of G                                                      
  DelSqK = Laplacian of K                                                      
  Stress_EigVals = Eigenvalues of Stress Tensor, Ascending Order               
  Stress_EigVecs = Eigenvectors of Stress Tensor                               
  -DivStress = Ehrenfest Force Density = Minus Divergence of Stress Tensor     
  BP = Bond Path                                                               
  BPL = Bond Path Length                                                       
  GBL = Geometric Bond Length                                                  
  GBL_I = Distance Between Nuclear Attractors                                  
  GBL_II = Distance Between Nuclei                                             
  GBL_III = Sum of Distances Between BCP and Nuclear Attractors                
  GBL_IV = Sum of Distances Between BCP and Nuclei                             

CP# 1      Coords = -7.03195064696583E+00  6.19219098516930E+00  1.72266537955969E-02
           Type = (3,-3) NACP C1
           Rho =  1.2062140956E+02     Rho at Nucleus =  1.2062140809E+02
           GradRho =  1.0273719809E-11  6.6912412238E-11 -3.1202874064E-13
           HessRho_EigVals = -2.2220339583E+05 -2.2220145026E+05 -2.2220139190E+05
           HessRho_EigVec1 = -4.6484821341E-01  8.8517143706E-01  1.9689223271E-02
           HessRho_EigVec2 =  7.0298246251E-02  1.4731206772E-02  9.9741723873E-01
           HessRho_EigVec3 =  8.8259520453E-01  4.6503173931E-01 -6.9073774806E-02
           DelSqRho = -6.6660623799E+05
           Bond Ellipticity = NA
           V = -1.6666211497E+05
           G =  5.2777388569E+00
           K =  1.6665683724E+05
           L =  1.6665155950E+05
           Vnuc =  1.6448684629E+06
           Ven = -1.9840635254E+08
           Vrep =  1.9823969042E+08
           DelSqV =  8.1590050179E+09
           DelSqVen =  1.0964795699E+12
           DelSqVrep = -1.0883205649E+12
           DelSqG =  3.0701608188E+08
           DelSqK = -8.4660210998E+09
           Stress_EigVals = -5.5554228679E+04 -5.5554209457E+04 -5.5553676839E+04
           Stress_EigVec1 =  8.8325778149E-01  4.6478162481E-01 -6.1917143639E-02
           Stress_EigVec2 =  6.3962437701E-02  1.1383873315E-02  9.9788737540E-01
           Stress_EigVec3 = -4.6450457263E-01  8.8535216082E-01  1.9673671032E-02
           -DivStress = -4.9673866730E+03  8.3629134405E+03  2.3893385064E+02

CP# 2      Coords = -5.68241240818640E+00  3.79255344883538E+00 -4.11960110615944E-02
           Type = (3,-3) NACP N2
           Rho =  1.9568369664E+02     Rho at Nucleus =  1.9568369660E+02
           GradRho = -1.0044902306E-10 -1.7255920229E-10  8.3114271829E-12
           HessRho_EigVals = -4.9029311875E+05 -4.9029278749E+05 -4.9028586496E+05
           HessRho_EigVec1 =  3.8919933091E-01  9.2098946461E-01 -1.7386399717E-02
           HessRho_EigVec2 =  9.2010172926E-01 -3.8958739351E-01 -4.0428586801E-02
           HessRho_EigVec3 =  4.4007824661E-02  2.6247751292E-04  9.9903115190E-01
           DelSqRho = -1.4708717712E+06
           Bond Ellipticity = NA
           V = -3.6775458874E+05
           G =  1.8322971202E+01
           K =  3.6773626577E+05
           L =  3.6771794280E+05
           Vnuc =  1.7967390004E+07
           Ven = -3.5159252950E+09
           Vrep =  3.5155575404E+09
           DelSqV =  2.4435931416E+10
           DelSqVen =  2.6427709719E+13
           DelSqVrep = -2.6403273787E+13
           DelSqG =  9.2142258402E+08
           DelSqK = -2.5357354000E+10
           Stress_EigVals = -1.2258577322E+05 -1.2258446724E+05 -1.2258434829E+05
           Stress_EigVec1 =  4.4542622208E-02  1.4654188762E-04  9.9900747411E-01
           Stress_EigVec2 =  8.0998869743E-01 -5.8533769819E-01 -3.6029003770E-02
           Stress_EigVec3 =  5.8475145561E-01  8.1078958898E-01 -2.6191173227E-02
           -DivStress =  2.0574341775E+03  2.3200891072E+03 -1.4929623398E+02

CP# 3      Coords = -3.09523065342209E+00  3.43644413272066E+00 -1.49528256992837E-01
           Type = (3,-3) NACP C3
           Rho =  1.2079793081E+02     Rho at Nucleus =  1.2079792989E+02
           GradRho = -1.9910090285E-11 -3.1142588326E-11 -2.8635827281E-12
           HessRho_EigVals = -2.2250441233E+05 -2.2250386509E+05 -2.2250230922E+05
           HessRho_EigVec1 =  3.5122693765E-02  2.2336168317E-03  9.9938051179E-01
           HessRho_EigVec2 =  9.3878444702E-01 -3.4299448355E-01 -3.2226484319E-02
           HessRho_EigVec3 =  3.4271002089E-01  9.3933476206E-01 -1.4143774951E-02
           DelSqRho = -6.6751058664E+05
           Bond Ellipticity = NA
           V = -1.6688810273E+05
           G =  5.2280337536E+00
           K =  1.6688287469E+05
           L =  1.6687764666E+05
           Vnuc =  2.0905056463E+06
           Ven = -2.5252875642E+08
           Vrep =  2.5236186832E+08
           DelSqV =  8.1698821083E+09
           DelSqVen =  1.3954346762E+12
           DelSqVrep = -1.3872647941E+12
           DelSqG =  3.0739943715E+08
           DelSqK = -8.4772815454E+09
           Stress_EigVals = -5.5629815227E+04 -5.5629321857E+04 -5.5628965645E+04
           Stress_EigVec1 =  2.9670131225E-01  9.5489725591E-01 -1.1813634405E-02
           Stress_EigVec2 =  9.5418467765E-01 -2.9693622654E-01 -3.6884662162E-02
           Stress_EigVec3 =  3.8728958706E-02  3.2866127081E-04  9.9924969839E-01
           -DivStress =  7.6431278005E+03  4.5644821129E+02 -2.7507614855E+02

CP# 4      Coords = -2.46717717425484E+00  1.03705247442280E+00 -1.74183329724465E-01
           Type = (3,-3) NACP N4
           Rho =  1.9615774189E+02     Rho at Nucleus =  1.9615772627E+02
           GradRho = -7.6848037344E-11  9.3560759633E-12 -6.0556251938E-12
           HessRho_EigVals = -4.9147537095E+05 -4.9147487383E+05 -4.9146673967E+05
           HessRho_EigVec1 =  4.0262748186E-01  9.1469115150E-01 -3.5088576885E-02
           HessRho_EigVec2 =  4.6618182560E-02  1.7793006529E-02  9.9875430110E-01
           HessRho_EigVec3 =  9.1417605301E-01 -4.0376169493E-01 -3.5477285673E-02
           DelSqRho = -1.4744169844E+06
           Bond Ellipticity = NA
           V = -3.6863899655E+05
           G =  1.7375217915E+01
           K =  3.6862162133E+05
           L =  3.6860424611E+05
           Vnuc =  8.7791254877E+05
           Ven = -1.7220934314E+08
           Vrep =  1.7184070415E+08
           DelSqV =  2.4494128962E+10
           DelSqVen =  1.2944091735E+12
           DelSqVrep = -1.2699150445E+12
           DelSqG =  9.2362693501E+08
           DelSqK = -2.5417755897E+10
           Stress_EigVals = -1.2288091009E+05 -1.2287915619E+05 -1.2287893027E+05
           Stress_EigVec1 =  9.0420727552E-01 -4.2563019302E-01 -3.5329048687E-02
           Stress_EigVec2 =  4.2552699917E-01  9.0488168463E-01 -1.0766140736E-02
           Stress_EigVec3 =  3.6551003652E-02 -5.2986412883E-03  9.9931774153E-01
           -DivStress =  5.9409025921E+04 -2.3179251553E+04 -2.2989930139E+03

CP# 5      Coords = -4.71768714120351E+00 -2.56439970283060E-01 -7.58573841286658E-02
           Type = (3,-3) NACP C5
           Rho =  1.2079800659E+02     Rho at Nucleus =  1.2079800648E+02
           GradRho =  6.7193529061E-10 -2.9429730358E-10  1.6569545012E-12
           HessRho_EigVals = -2.2258453945E+05 -2.2258412078E+05 -2.2258357467E+05
           HessRho_EigVec1 =  9.0033529252E-01  4.3228358787E-01 -5.0271867976E-02
           HessRho_EigVec2 = -4.3170387046E-01  9.0173645132E-01  2.2430795597E-02
           HessRho_EigVec3 =  5.5028440629E-02  1.5073230648E-03  9.9848364969E-01
           DelSqRho = -6.6775223491E+05
           Bond Ellipticity = NA
           V = -1.6694923891E+05
           G =  5.5900891925E+00
           K =  1.6694364882E+05
           L =  1.6693805873E+05
           Vnuc =  6.0930191835E+06
           Ven = -7.3602457148E+08
           Vrep =  7.3585762224E+08
           DelSqV =  8.1731176353E+09
           DelSqVen =  4.0686275789E+12
           DelSqVrep = -4.0604544612E+12
           DelSqG =  3.0762457986E+08
           DelSqK = -8.4807422152E+09
           Stress_EigVals = -5.5649843481E+04 -5.5649711155E+04 -5.5649684270E+04
           Stress_EigVec1 = -1.6706921093E-01  9.8589696196E-01 -9.7498285783E-03
           Stress_EigVec2 =  9.8541526998E-01  1.6729542340E-01  3.1128555986E-02
           Stress_EigVec3 = -3.2320650477E-02  4.4070066747E-03  9.9946783532E-01
           -DivStress = -2.4616355012E+03  9.4784642150E+02 -6.6401602565E+00

CP# 6      Coords = -5.18657228221352E+00 -2.91405722933434E+00 -9.99464730820507E-03
           Type = (3,-3) NACP C6
           Rho =  1.2080413175E+02     Rho at Nucleus =  1.2080413022E+02
           GradRho =  4.0091770027E-11 -2.7448858507E-11  5.9533209254E-14
           HessRho_EigVals = -2.2250969292E+05 -2.2250780656E+05 -2.2250610598E+05
           HessRho_EigVec1 =  4.5975757813E-02  2.5235212712E-02  9.9862375985E-01
           HessRho_EigVec2 =  9.7696437020E-01  2.0740923378E-01 -5.0219807925E-02
           HessRho_EigVec3 = -2.0839109640E-01  9.7792872633E-01 -1.5118106994E-02
           DelSqRho = -6.6752360546E+05
           Bond Ellipticity = NA
           V = -1.6689089506E+05
           G =  4.9968480533E+00
           K =  1.6688589821E+05
           L =  1.6688090136E+05
           Vnuc =  1.6181013919E+06
           Ven = -1.9547333372E+08
           Vrep =  1.9530644283E+08
           DelSqV =  8.1700072823E+09
           DelSqVen =  1.0801208812E+12
           DelSqVrep = -1.0719508739E+12
           DelSqG =  3.0739473025E+08
           DelSqK = -8.4774020126E+09
           Stress_EigVals = -5.5630945782E+04 -5.5630305598E+04 -5.5629643681E+04
           Stress_EigVec1 = -2.7821131787E-01  9.6045442321E-01 -1.1214434716E-02
           Stress_EigVec2 =  9.5950106056E-01  2.7735966243E-01 -4.9288258719E-02
           Stress_EigVec3 =  4.4228694272E-02  2.4472813418E-02  9.9872163489E-01
           -DivStress =  9.2871729598E+03  3.4044200434E+03 -3.0518788352E+02

CP# 7      Coords = -3.68658816854324E+00 -4.69258514374101E+00 -2.34155501774269E-02
           Type = (3,-3) NACP O7
           Rho =  2.9758696427E+02     Rho at Nucleus =  2.9758693949E+02
           GradRho =  1.0550947122E-10  1.8580885651E-10  1.1793452499E-12
           HessRho_EigVals = -9.6912731174E+05 -9.6912260272E+05 -9.6910619278E+05
           HessRho_EigVec1 = -6.6324404578E-01  7.4840205224E-01  1.3053498908E-03
           HessRho_EigVec2 =  3.2725252404E-02  2.7258962395E-02  9.9909259172E-01
           HessRho_EigVec3 =  7.4768736353E-01  6.6268493055E-01 -4.2570990562E-02
           DelSqRho = -2.9073561072E+06
           Bond Ellipticity = NA
           V = -7.2693615549E+05
           G =  4.8564341058E+01
           K =  7.2688759115E+05
           L =  7.2683902681E+05
           Vnuc =  1.1189209060E+06
           Ven = -3.3297627568E+08
           Vrep =  3.3224933953E+08
           DelSqV =  6.2553779151E+10
           DelSqVen =  3.2531015291E+12
           DelSqVrep = -3.1905477499E+12
           DelSqG =  2.3673382912E+09
           DelSqK = -6.4921117443E+10
           Stress_EigVals = -2.4231520708E+05 -2.4231108153E+05 -2.4230986688E+05
           Stress_EigVec1 =  7.4933880111E-01  6.6081349715E-01 -4.2624912117E-02
           Stress_EigVec2 =  3.3098060769E-02  2.6912962856E-02  9.9908969107E-01
           Stress_EigVec3 = -6.6135911540E-01  7.5006747324E-01  1.7047179650E-03
           -DivStress =  9.4149991184E+04 -1.1170288158E+05 -9.4555261120E+02

CP# 8      Coords = -7.83395320366199E+00 -3.38514337539086E+00  1.06953041593102E-01
           Type = (3,-3) NACP N8
           Rho =  1.9567767076E+02     Rho at Nucleus =  1.9567767047E+02
           GradRho = -2.5532108303E-09  1.4834580422E-09  6.3127412539E-10
           HessRho_EigVals = -4.9028225516E+05 -4.9028132076E+05 -4.9027316835E+05
           HessRho_EigVec1 = -6.6398923349E-01  7.4758011275E-01 -1.5565115879E-02
           HessRho_EigVec2 =  7.4635204243E-01  6.6134253730E-01 -7.4730697304E-02
           HessRho_EigVec3 =  4.5573309888E-02  6.1237434448E-02  9.9708226845E-01
           DelSqRho = -1.4708367443E+06
           Bond Ellipticity = NA
           V = -3.6774606154E+05
           G =  1.8437736894E+01
           K =  3.6772762381E+05
           L =  3.6770918607E+05
           Vnuc =  6.4628643497E+06
           Ven = -1.2646382424E+09
           Vrep =  1.2642704963E+09
           DelSqV =  2.4435376973E+10
           DelSqVen =  9.5058189353E+12
           DelSqVrep = -9.4813835583E+12
           DelSqG =  9.2140769110E+08
           DelSqK = -2.5356784664E+10
           Stress_EigVals = -1.2258318630E+05 -1.2258152607E+05 -1.2258134917E+05
           Stress_EigVec1 =  4.4245457137E-02  6.1188639063E-02  9.9714506967E-01
           Stress_EigVec2 =  8.1087420528E-01  5.8082128413E-01 -7.1621638596E-02
           Stress_EigVec3 = -5.8354551042E-01  8.1172814806E-01 -2.3917585841E-02
           -DivStress =  7.3796786937E+03 -4.2036068069E+03 -1.6889075927E+03

CP# 9      Coords = -9.70033848635142E+00 -1.57001905667192E+00  1.53221177298308E-01
           Type = (3,-3) NACP C9
           Rho =  1.2071710155E+02     Rho at Nucleus =  1.2071710087E+02
           GradRho = -1.6095416230E-10  2.2428168727E-12 -9.7896084787E-13
           HessRho_EigVals = -2.2233157080E+05 -2.2232984904E+05 -2.2232883554E+05
           HessRho_EigVec1 = -2.4578060833E-03  6.9323095454E-03  9.9997295077E-01
           HessRho_EigVec2 =  9.1605209109E-01 -4.0102774066E-01  5.0316629392E-03
           HessRho_EigVec3 =  4.0105177421E-01  9.1603967944E-01 -5.3647082346E-03
           DelSqRho = -6.6699025538E+05
           Bond Ellipticity = NA
           V = -1.6675768683E+05
           G =  5.0614903785E+00
           K =  1.6675262534E+05
           L =  1.6674756384E+05
           Vnuc =  2.4240916211E+06
           Ven = -2.9262931440E+08
           Vrep =  2.9246255671E+08
           DelSqV =  8.1634836320E+09
           DelSqVen =  1.6168454799E+12
           DelSqVrep = -1.6086819963E+12
           DelSqG =  3.0712532275E+08
           DelSqK = -8.4706089547E+09
           Stress_EigVals = -5.5586352558E+04 -5.5586014766E+04 -5.5585319502E+04
           Stress_EigVec1 =  3.9539541146E-01  9.1841845406E-01 -1.3038858747E-02
           Stress_EigVec2 =  9.1840516816E-01 -3.9552550879E-01 -9.5665557139E-03
           Stress_EigVec3 =  1.3943302550E-02  8.1923830279E-03  9.9986922604E-01
           -DivStress =  2.0294354092E+02  6.5502660827E+03 -7.8345509670E+02

CP# 10     Coords = -1.21449361886446E+01 -2.41703272945549E+00  3.69968371000751E-01
           Type = (3,-3) NACP N10
           Rho =  1.9562567861E+02     Rho at Nucleus =  1.9562567407E+02
           GradRho =  4.0405996399E-10  4.0403755002E-11 -5.8042792035E-12
           HessRho_EigVals = -4.9012456935E+05 -4.9012319846E+05 -4.9011347928E+05
           HessRho_EigVec1 =  9.2710779944E-01  3.5449749088E-01  1.2166617102E-01
           HessRho_EigVec2 = -3.7110619199E-01  9.1370059740E-01  1.6562431158E-01
           HessRho_EigVec3 = -5.2453050263E-02 -1.9870266046E-01  9.7865516411E-01
           DelSqRho = -1.4703612471E+06
           Bond Ellipticity = NA
           V = -3.6762702499E+05
           G =  1.8356606722E+01
           K =  3.6760866838E+05
           L =  3.6759031177E+05
           Vnuc =  1.6261598942E+06
           Ven = -3.1811863282E+08
           Vrep =  3.1775100580E+08
           DelSqV =  2.4427411576E+10
           DelSqVen =  2.3910424781E+12
           DelSqVrep = -2.3666150665E+12
           DelSqG =  9.2105514014E+08
           DelSqK = -2.5348466716E+10
           Stress_EigVals = -1.2254379294E+05 -1.2254176259E+05 -1.2254146945E+05
           Stress_EigVec1 = -4.2173950034E-02 -2.0409893490E-01  9.7804140133E-01
           Stress_EigVec2 = -3.5382792050E-01  9.1852135593E-01  1.7642086434E-01
           Stress_EigVec3 =  9.3435922461E-01  3.3861799048E-01  1.1095357548E-01
           -DivStress = -8.8625065556E+03 -5.5134516926E+03  3.2734542008E+04

CP# 11     Coords = -9.24696034086094E+00  8.69322907145312E-01  9.62531969311195E-02
           Type = (3,-3) NACP N11
           Rho =  1.9605784561E+02     Rho at Nucleus =  1.9605782724E+02
           GradRho = -3.3858523726E-10  2.0983997379E-11 -1.3758125041E-12
           HessRho_EigVals = -4.9125543778E+05 -4.9125113374E+05 -4.9124627755E+05
           HessRho_EigVec1 =  6.7301481822E-01  7.3825755622E-01 -4.5020385854E-02
           HessRho_EigVec2 =  4.4583221972E-02  2.0265552076E-02  9.9880010198E-01
           HessRho_EigVec3 =  7.3828408542E-01 -6.7421442293E-01 -1.9274883655E-02
           DelSqRho = -1.4737528491E+06
           Bond Ellipticity = NA
           V = -3.6847355849E+05
           G =  1.7673112293E+01
           K =  3.6845588538E+05
           L =  3.6843821227E+05
           Vnuc =  8.0937874084E+05
           Ven = -1.5868505221E+08
           Vrep =  1.5831657865E+08
           DelSqV =  2.4483357585E+10
           DelSqVen =  1.1928242268E+12
           DelSqVrep = -1.1683408692E+12
           DelSqG =  9.2326765441E+08
           DelSqK = -2.5406625240E+10
           Stress_EigVals = -1.2282544127E+05 -1.2282438696E+05 -1.2282373026E+05
           Stress_EigVec1 =  7.3627776170E-01 -6.7627343594E-01 -2.3437095750E-02
           Stress_EigVec2 = -5.1357587097E-02 -2.1311812880E-02 -9.9845290569E-01
           Stress_EigVec3 =  6.7472769016E-01  7.3634234325E-01 -5.0423185773E-02
           -DivStress = -5.0477391574E+04  4.7329463139E+04  3.0512325062E+01

CP# 12     Coords = -6.74313023053953E+00  1.42386821853058E+00  9.02722775749171E-03
           Type = (3,-3) NACP C12
           Rho =  1.2082452282E+02     Rho at Nucleus =  1.2082452152E+02
           GradRho = -2.0923896127E-11 -1.9759316533E-11 -1.0791865728E-13
           HessRho_EigVals = -2.2259282605E+05 -2.2259190785E+05 -2.2259074126E+05
           HessRho_EigVec1 =  4.3986267617E-02  7.0585250219E-03  9.9900719992E-01
           HessRho_EigVec2 =  5.3748459295E-01  8.4275320904E-01 -2.9619942440E-02
           HessRho_EigVec3 =  8.4212559669E-01 -5.3825384892E-01 -3.3275719739E-02
           DelSqRho = -6.6777547516E+05
           Bond Ellipticity = NA
           V = -1.6695445715E+05
           G =  5.2941779005E+00
           K =  1.6694916297E+05
           L =  1.6694386879E+05
           Vnuc =  1.7541947234E+06
           Ven = -2.1194974039E+08
           Vrep =  2.1178278593E+08
           DelSqV =  8.1732371049E+09
           DelSqVen =  1.1714082161E+12
           DelSqVrep = -1.1632349790E+12
           DelSqG =  3.0757651073E+08
           DelSqK = -8.4808136156E+09
           Stress_EigVals = -5.5651868030E+04 -5.5651545231E+04 -5.5651043886E+04
           Stress_EigVec1 =  9.1095512938E-01 -4.1085570453E-01 -3.6855695786E-02
           Stress_EigVec2 =  4.1035048862E-01  9.1169270553E-01 -2.0709591423E-02
           Stress_EigVec3 =  4.2109722780E-02  3.7417557602E-03  9.9910598562E-01
           -DivStress =  4.2018205249E+03 -8.1218435750E+03 -1.6495569572E+01

CP# 13     Coords =  1.20167061364329E+01 -2.78153805043493E+00  2.19589905162918E-01
           Type = (3,-3) NACP C13
           Rho =  1.2061081133E+02     Rho at Nucleus =  1.2061081009E+02
           GradRho = -1.3054866547E-10  4.4634817232E-12 -1.9828864877E-12
           HessRho_EigVals = -2.2217953375E+05 -2.2217775272E+05 -2.2217773950E+05
           HessRho_EigVec1 = -6.5401357502E-01  7.5610882206E-01 -2.3784299469E-02
           HessRho_EigVec2 =  6.3862937286E-01  5.3499835393E-01 -5.5310874647E-01
           HessRho_EigVec3 =  4.0548584170E-01  3.7692998090E-01  8.3276948892E-01
           DelSqRho = -6.6653502596E+05
           Bond Ellipticity = NA
           V = -1.6664430149E+05
           G =  5.2724995021E+00
           K =  1.6663902899E+05
           L =  1.6663375649E+05
           Vnuc =  1.8016765116E+06
           Ven = -2.1730166581E+08
           Vrep =  2.1713502150E+08
           DelSqV =  8.1581267807E+09
           DelSqVen =  1.2008805007E+12
           DelSqVrep = -1.1927223740E+12
           DelSqG =  3.0697739088E+08
           DelSqK = -8.4651041716E+09
           Stress_EigVals = -5.5548264096E+04 -5.5548260089E+04 -5.5547777306E+04
           Stress_EigVec1 =  6.2719723444E-01  5.6036956957E-01  5.4093398360E-01
           Stress_EigVec2 = -4.2183621652E-01 -3.3943431068E-01  8.4073691198E-01
           Stress_EigVec3 = -6.5473493533E-01  7.5549341111E-01 -2.3491918149E-02
           -DivStress =  4.9734793170E+03 -7.3584551426E+03  1.3586912570E+02

CP# 14     Coords =  1.03111205174045E+01 -6.32300741234265E-01  1.59483448148996E-01
           Type = (3,-3) NACP N14
           Rho =  1.9567377930E+02     Rho at Nucleus =  1.9567377928E+02
           GradRho =  3.8155384511E-10 -8.0902089876E-11  1.3856890353E-12
           HessRho_EigVals = -4.9026804590E+05 -4.9026768431E+05 -4.9026036215E+05
           HessRho_EigVec1 =  7.5349137949E-01 -6.5673484829E-01  3.0823369019E-02
           HessRho_EigVec2 =  6.5525835435E-01  7.5397655902E-01  4.6430997289E-02
           HessRho_EigVec3 = -5.3732951670E-02 -1.4788086139E-02  9.9844583349E-01
           DelSqRho = -1.4707960924E+06
           Bond Ellipticity = NA
           V = -3.6773575896E+05
           G =  1.8367934933E+01
           K =  3.6771739103E+05
           L =  3.6769902309E+05
           Vnuc =  2.5006326398E+07
           Ven = -4.8930823927E+09
           Vrep =  4.8927146570E+09
           DelSqV =  2.4434687280E+10
           DelSqVen =  3.6779172299E+13
           DelSqVrep = -3.6754737611E+13
           DelSqG =  9.2137468836E+08
           DelSqK = -2.5356061968E+10
           Stress_EigVals = -1.2257956665E+05 -1.2257811799E+05 -1.2257807432E+05
           Stress_EigVec1 = -5.3908904649E-02 -1.4767461254E-02  9.9843665402E-01
           Stress_EigVec2 =  4.0449287154E-01  9.1385745174E-01  3.5356396433E-02
           Stress_EigVec3 =  9.1295090058E-01 -4.0576653384E-01  4.3291721420E-02
           -DivStress =  6.5261147646E+02  2.1315124147E+03 -8.9242569301E+01

CP# 15     Coords =  1.09277645929263E+01  1.91522361163483E+00  2.33099558793399E-01
           Type = (3,-3) NACP C15
           Rho =  1.2077303524E+02     Rho at Nucleus =  1.2077303455E+02
           GradRho = -4.9312886728E-11 -1.5310948794E-11 -1.9625911139E-12
           HessRho_EigVals = -2.2246402557E+05 -2.2246401817E+05 -2.2246265436E+05
           HessRho_EigVec1 =  1.3906658843E-01  9.7085076496E-01  1.9521597311E-01
           HessRho_EigVec2 = -7.6375713804E-02 -1.8602925856E-01  9.7957126607E-01
           HessRho_EigVec3 =  9.8733339573E-01 -1.5113539339E-01  4.8278965835E-02
           DelSqRho = -6.6739069810E+05
           Bond Ellipticity = NA
           V = -1.6685817417E+05
           G =  5.2498227058E+00
           K =  1.6685292435E+05
           L =  1.6684767453E+05
           Vnuc =  2.4085435188E+06
           Ven = -2.9088711129E+08
           Vrep =  2.9072025311E+08
           DelSqV =  8.1684504936E+09
           DelSqVen =  1.6074395320E+12
           DelSqVrep = -1.5992710815E+12
           DelSqG =  3.0735254320E+08
           DelSqK = -8.4758030368E+09
           Stress_EigVals = -5.5619770574E+04 -5.5619308220E+04 -5.5619095377E+04
