AIMSum (Version 11.12.19, Professional)
Copyright (c) 1997-2011 by Todd A. Keith
AIMSum is a component of the AIMAll package ( http://aim.tkgristmill.com )

Much of the Quantum Theory of Atoms in Molecules (QTAIM) is described in the book:
  "Atoms in Molecules - A Quantum Theory"
  R.F.W. Bader, Oxford University Press, Oxford, 1990

For additional references see:  http://aim.tkgristmill.com/references.html

Wfx File:  /home4/vemuri/FCHK/CHK-N3Prot/chk-Mp2-Spe-GGWWT-N3-fopt-37.wfx
Sum File:  /home4/vemuri/FCHK/CHK-N3Prot/chk-Mp2-Spe-GGWWT-N3-fopt-37.sum

SumViz File:  /home4/vemuri/FCHK/CHK-N3Prot/chk-Mp2-Spe-GGWWT-N3-fopt-37.sumviz

Wfx Title:  CHK-Mp2-Spe-GGWWT-N3-Prot-from-fopt-step37                                     
 
Total memory allocated for AIMSum =       27.857 Megabytes

Atomic units (a.u.) used throughout, except where stated otherwise

Restricted, closed-shell, single-determinant wavefunction.
  Number of electrons (from MO Occs)                   =         172.0000000000
  Number of Alpha electrons (from MO Occs)             =          86.0000000000
  Number of Beta electrons (from MO Occs)              =          86.0000000000
  Number of electron pairs (N*(N-1)/2)                 =       14706.0000000000
  Number of electron pairs (from Muller 2EDM)          =       14706.0000000000
 
Nuclear Charges and Cartesian Coordinates:
-------------------------------------------------------------------------------
Atom      Charge                X                  Y                  Z
-------------------------------------------------------------------------------
C1         6.0          -1.2638138800E+01  -1.3905735300E+00  -1.0605088400E-02
N2         7.0          -1.0401317200E+01   2.3065461600E-01   1.9842670600E-03
C3         6.0          -1.0346063500E+01   2.8671381500E+00   1.6897985700E-02
N4         7.0          -8.0589184900E+00   3.7946402700E+00   2.4235792300E-02
C5         6.0          -6.4946712500E+00   1.7206639300E+00   1.4038830100E-02
C6         6.0          -3.7746504800E+00   1.5403556700E+00   1.3755371100E-02
O7         8.0          -2.1855438500E+00   3.2230263800E+00   2.1752692100E-02
N8         7.0          -2.9390835400E+00  -1.0165552900E+00   1.6119910100E-03
C9         6.0          -4.3562931300E+00  -3.0990637000E+00  -1.0113759600E-02
N10        7.0          -3.2231925900E+00  -5.3609940900E+00  -1.8702564900E-02
N11        7.0          -6.9223371300E+00  -2.8896857900E+00  -1.2154663900E-02
C12        6.0          -7.9308593700E+00  -4.7179819700E-01   4.2902244900E-04
C13        6.0           1.2749163900E+01   3.1670296300E-01   1.1529273800E-02
N14        7.0           1.0264193000E+01  -8.7853744200E-01   9.2918380100E-03
C15        6.0           9.7198025000E+00  -3.4479413700E+00   1.7325063800E-02
N16        7.0           7.3009662700E+00  -3.9583620300E+00   1.4259928000E-02
C17        6.0           6.1610778300E+00  -1.6093511700E+00   3.5243938500E-03
C18        6.0           3.5969216800E+00  -8.9131756400E-01  -2.7835119800E-03
O19        8.0           1.6698413100E+00  -2.3092055100E+00   2.2115257400E-04
N20        7.0           3.2572510100E+00   1.7296759000E+00  -1.3893211900E-02
C21        6.0           5.1922871300E+00   3.4795547100E+00  -1.7746363500E-02
N22        7.0           4.5122503200E+00   5.9485782900E+00  -7.9436473100E-02
N23        7.0           7.6021112400E+00   2.8469367200E+00  -4.8641004500E-03
C24        6.0           7.9821181200E+00   3.2793556400E-01   3.8744847400E-04
H25        1.0          -1.2686211600E+01  -2.5571884000E+00  -1.7165818100E+00
H26        1.0          -1.2686336300E+01  -2.5831078800E+00   1.6773549900E+00
H27        1.0          -1.4309335100E+01  -1.8610930900E-01  -1.2528338100E-03
H28        1.0           1.4187171800E+01  -1.1595454400E+00  -5.7106977600E-03
H29        1.0           1.2968823800E+01   1.5056827400E+00  -1.6615586600E+00
H30        1.0           1.2981099500E+01   1.4783686400E+00   1.7023126000E+00
H31        1.0           1.1220553100E+01  -4.8366803300E+00   2.4685547100E-02
H32        1.0           1.4258097100E+00   2.3624563900E+00  -2.8268358600E-02
H33        1.0          -1.2081489700E+01   3.9467406100E+00   2.1403092800E-02
H34        1.0          -8.8631562300E-01  -1.3382774100E+00   1.7669485500E-03
H35        1.0          -8.0277248900E+00  -4.4498096600E+00  -1.8919883400E-02
H36        1.0           5.8997175000E+00   7.2474342800E+00   6.2406370400E-02
H37        1.0           2.7053697900E+00   6.5110458500E+00   1.4229076300E-01
H38        1.0          -1.3009386000E+00  -5.4277071200E+00  -1.7992027900E-02
H39        1.0          -4.1922007100E+00  -7.0021607500E+00  -3.3888404100E-02
 
Some Atomic Properties:
----------------------
  q(A) = Net Charge of Atom A
  L(A) = Lagrangian of Atom A = -(1/4) Times Atomic Integral of the Laplacian of the Electron Density
  K(A) = Electronic Kinetic Energy of Atom A (Hamiltonian Form)
  K_Scaled(A) = K(A) * E(Mol)/K(Mol) = Approximation to Virial-Based Total Energy of Atom A.
  |Mu_Intra(A)| = Magnitude of Intraatomic Dipole Moment of Atom A
--------------------------------------------------------------------------------------------------
Atom A          q(A)              L(A)              K(A)          K_Scaled(A)      |Mu_Intra(A)|
--------------------------------------------------------------------------------------------------
C1        6.3296271680E-01 -2.3069363873E-04  3.7372867473E+01 -3.7435449625E+01  5.2489438270E-01
N2       -1.5415865898E+00  2.8294621204E-04  5.5343802137E+01 -5.5436477239E+01  1.4479139952E-01
C3        1.3494190217E+00  3.7576390273E-04  3.6944190209E+01 -3.7006054527E+01  7.9545133892E-01
N4       -1.3662895295E+00  3.2563471033E-04  5.5095279942E+01 -5.5187538885E+01  3.2175778803E-01
C5        6.0763459400E-01 -9.1408930098E-04  3.7535801914E+01 -3.7598656906E+01  5.1820410291E-01
C6        1.6569349834E+00 -7.0848955509E-04  3.6717600707E+01 -3.6779085593E+01  8.3751895109E-01
O7       -1.3362213424E+00 -1.1002059932E-04  7.5508568804E+01 -7.5635010501E+01  6.0442151539E-01
N8       -1.5484525943E+00  2.5960889716E-04  5.5334155347E+01 -5.5426814294E+01  3.6491937377E-02
C9        2.0329087994E+00 -6.7893647459E-03  3.6545688063E+01 -3.6606885075E+01  2.7533937134E-02
N10      -1.4470409766E+00  2.1500905643E-05  5.5135125058E+01 -5.5227450723E+01  1.3310906800E-01
N11      -1.5345898489E+00 -2.6742431586E-04  5.5291845393E+01 -5.5384433491E+01  1.2733557454E-01
C12       1.0643284964E+00  2.0575672854E-04  3.7220998602E+01 -3.7283326445E+01  8.8631304445E-01
C13       6.5708504320E-01  4.0020241414E-04  3.7362374308E+01 -3.7424938889E+01  5.3092001461E-01
N14      -1.5674502396E+00  1.6815606452E-04  5.5381414800E+01 -5.5474152885E+01  1.7936908412E-01
C15       1.3712614526E+00  2.2355595991E-04  3.6936407715E+01 -3.6998259001E+01  7.6364542501E-01
N16      -1.3995369592E+00 -3.5747774404E-04  5.5083923089E+01 -5.5176163014E+01  3.0940021948E-01
C17       5.5171971060E-01  3.7586344904E-04  3.7581152667E+01 -3.7644083601E+01  4.9948206823E-01
C18       1.5186865524E+00  1.2756526761E-03  3.6822388283E+01 -3.6884048639E+01  9.0111494406E-01
O19      -1.3850994557E+00 -1.6222364577E-04  7.5506011390E+01 -7.5632448805E+01  4.2305944223E-01
N20      -1.5449009316E+00  5.4407048871E-05  5.5300257512E+01 -5.5392859697E+01  6.9975181522E-02
C21       1.9443845851E+00 -8.5608751719E-05  3.6613425882E+01 -3.6674736323E+01  9.4241291553E-02
N22      -1.4412100941E+00 -8.3404831835E-06  5.5121304819E+01 -5.5213607341E+01  1.2468353641E-01
N23      -1.4167927405E+00  1.5798364045E-04  5.5116813965E+01 -5.5209108967E+01  6.5911396065E-02
C24       1.1896203751E+00  1.0059610013E-03  3.7162352695E+01 -3.7224582334E+01  7.8024737892E-01
H25      -1.8920394700E-02  2.7814795935E-05  6.2767105754E-01 -6.2872211432E-01  9.7078712000E-02
H26      -1.9203675000E-02  2.9655274632E-05  6.2779169964E-01 -6.2884295845E-01  9.7065702630E-02
H27       1.9834232670E-02  4.5905885585E-05  6.1125331006E-01 -6.1227687476E-01  9.7077621999E-02
H28      -2.3301727100E-02  4.5757723836E-05  6.3018999457E-01 -6.3124526940E-01  9.6031640713E-02
H29      -1.1494982100E-02  3.6728099424E-05  6.2551421956E-01 -6.2656166465E-01  9.9044009261E-02
H30      -1.2905039000E-02  3.4941815682E-05  6.2611426581E-01 -6.2716271570E-01  9.9086319813E-02
H31       5.2453633800E-02  3.1117478180E-05  5.9620806505E-01 -5.9720643598E-01  9.9840049444E-02
H32       5.6413879726E-01  6.1904053118E-05  3.6065008929E-01 -3.6125401027E-01  1.2149053599E-01
H33       8.1164410300E-02  2.7697300511E-05  5.8272765268E-01 -5.8370345019E-01  1.0118400396E-01
H34       6.7233033092E-01  1.8933957979E-04  2.8713559155E-01 -2.8761640998E-01  6.5704250556E-02
H35       5.2285555696E-01  3.2994428597E-05  3.8058290849E-01 -3.8122020766E-01  1.5512169487E-01
H36       5.1702106160E-01  2.3877857477E-05  3.8217240131E-01 -3.8281236215E-01  1.6000950479E-01
H37       5.0901070982E-01  2.5392136583E-05  3.8692246535E-01 -3.8757038033E-01  1.6017833774E-01
H38       5.7836436556E-01 -2.9452935354E-05  3.4688688254E-01 -3.4746775656E-01  1.3266986716E-01
H39       5.1855495464E-01  1.8328749552E-05  3.8156805513E-01 -3.8220700397E-01  1.5759896405E-01
--------------------------------------------------------------------------------------------------
Total     9.9767726413E-01 -3.8987369263E-03  1.1554871394E+03 -1.1574220424E+03
 
Note.  Potentially significant integration error for the following atom:  C9      
 
Molecular charge q(Mol) from the wfx file:   1.0000000000E+00
Molecular energy E(Mol) from the wfx file:  -1.1574228098E+03
Molecular virial ratio (-V(Mol)/T(Mol)) from the wfx file:   2.0016745344E+00
Note.  K_Scaled(A) = (1+V(Mol)/T(Mol))*K(A) = E(Mol)/T(Mol)*K(A)
       Use K_Scaled(A) with caution.
 
Note.  Potentially significant cumulative integration error.
 
Some Information About the Atomic Calculations:
----------------------------------------------
  Time(sec) = "Elapsed User Time", in Seconds, for Atom A by AIMInt
  NProc = Number of Processors Used for AIMInt Job
  BIM = Basin Integration Method
  OAQ = Angular Quadrature Outside of Beta Sphere
  ORQ = Multiple of Default for Radial Quadrature Outside of Beta Sphere
  IAQ = Multiple of Default for Angular Quadrature Inside of Beta Sphere
  IRQ = Multiple of Default for Radial Quadrature Inside of Beta Sphere
  MIR = Maximum Integration Radius
------------------------------------------------------------------------------------------------------
Atom A     Time(sec)   NProc      BIM              OAQ                 ORQ      IAQ      IRQ      MIR
------------------------------------------------------------------------------------------------------
C1            253        1     Proaim(5)    120*80    (High)           1.00     1.00     1.00    10.00
N2            558        1     Proaim(5)    120*80    (High)           1.00     1.00     1.00    10.00
C3            336        1     Proaim(5)    120*80    (High)           1.00     1.00     1.00    10.00
N4            515        1     Proaim(5)    120*80    (High)           1.00     1.00     1.00    10.00
C5            528        1     Proaim(5)    120*80    (High)           1.00     1.00     1.00    10.00
C6            569        1     Proaim(5)    120*80    (High)           1.00     1.00     1.00    10.00
O7            608        1     Proaim(5)    120*80    (High)           1.00     1.00     1.00    10.00
N8            704        1     Proaim(5)    120*80    (High)           1.00     1.00     1.00    10.00
C9            389        1     Proaim(5)    120*80    (High)           1.00     1.00     1.00    10.00
N10           556        1     Proaim(5)    120*80    (High)           1.00     1.00     1.00    10.00
N11           507        1     Proaim(5)    120*80    (High)           1.00     1.00     1.00    10.00
C12           414        1     Proaim(5)    120*80    (High)           1.00     1.00     1.00    10.00
C13           214        1     Proaim(5)    120*80    (High)           1.00     1.00     1.00    10.00
N14           425        1     Proaim(5)    120*80    (High)           1.00     1.00     1.00    10.00
C15           321        1     Proaim(5)    120*80    (High)           1.00     1.00     1.00    10.00
N16           455        1     Proaim(5)    120*80    (High)           1.00     1.00     1.00    10.00
C17           441        1     Proaim(5)    120*80    (High)           1.00     1.00     1.00    10.00
C18           398        1     Proaim(5)    120*80    (High)           1.00     1.00     1.00    10.00
O19           548        1     Proaim(5)    120*80    (High)           1.00     1.00     1.00    10.00
N20           552        1     Proaim(5)    120*80    (High)           1.00     1.00     1.00    10.00
C21           340        1     Proaim(5)    120*80    (High)           1.00     1.00     1.00    10.00
N22           473        1     Proaim(5)    120*80    (High)           1.00     1.00     1.00    10.00
N23           441        1     Proaim(5)    120*80    (High)           1.00     1.00     1.00    10.00
C24           364        1     Proaim(5)    120*80    (High)           1.00     1.00     1.00    10.00
H25            93        1     Proaim(5)    72*48     (High)           1.00     1.00     1.00    10.00
H26            92        1     Proaim(5)    72*48     (High)           1.00     1.00     1.00    10.00
H27            75        1     Proaim(5)    72*48     (High)           1.00     1.00     1.00    10.00
H28            76        1     Proaim(5)    72*48     (High)           1.00     1.00     1.00    10.00
H29            96        1     Proaim(5)    72*48     (High)           1.00     1.00     1.00    10.00
H30            96        1     Proaim(5)    72*48     (High)           1.00     1.00     1.00    10.00
H31            83        1     Proaim(5)    72*48     (High)           1.00     1.00     1.00    10.00
H32           194        1     Proaim(5)    120*80    (High)           1.00     1.00     1.00    10.00
H33            80        1     Proaim(5)    72*48     (High)           1.00     1.00     1.00    10.00
H34           166        1     Proaim(5)    120*80    (High)           1.00     1.00     1.00    10.00
H35            61        1     Proaim(5)    72*48     (High)           1.00     1.00     1.00    10.00
H36            56        1     Proaim(5)    72*48     (High)           1.00     1.00     1.00    10.00
H37            88        1     Proaim(5)    72*48     (High)           1.00     1.00     1.00    10.00
H38           175        1     Proaim(5)    120*80    (High)           1.00     1.00     1.00    10.00
H39            60        1     Proaim(5)    72*48     (High)           1.00     1.00     1.00    10.00
------------------------------------------------------------------------------------------------------
Total       12400
Note:  Total wall clock time is less than Total of atomic times if more than one atom
       was calculated at a time
 
Electron Density Critical Point Analysis of Molecular Structure:               
---------------------------------------------------------------                
  NACP = Nuclear Attractor Critical Point                                      
  NNACP = Non-Nuclear Attractor Critical Point                                 
  BCP = Bond Critical Point                                                    
  RCP = Ring Critical Point                                                    
  CCP = Cage Critical Point                                                    
  Rho = Electron Density                                                       
  GradRho = Gradient of Electron Density                                       
  HessRho_EigVals = Eigenvalues of the Hessian of Rho, Ascending Order         
  HessRho_EigVecs = Eigenvectors of the Hessian of Rho                         
  DelSqRho = Laplacian of Rho = Trace of Hessian of Rho                        
  Bond Ellipticity = (HessRho_EigVal(1) / HessRho_EigVal(2)) - 1               
  V = Virial Field = Potential Energy Density = Trace of Stress Tensor         
  G = Lagrangian Form of Kinetic Energy Density                                
  K = Hamiltonian Form of Kinetic Energy Density                               
  L = K - G = Lagrangian Density = (-1/4)DelSqRho                              
  Vnuc = Electrostatic Potential from Nuclei                                   
  Ven = Electron-nuclear attractive contribution to Virial Field V             
  Vrep = V - Ven = Repulsive contribution to Virial Field V                    
  DelSqV = Laplacian of V                                                      
  DelSqVen = Laplacian of Ven                                                  
  DelSqVrep = Laplacian of Vrep                                                
  DelSqG = Laplacian of G                                                      
  DelSqK = Laplacian of K                                                      
  Stress_EigVals = Eigenvalues of Stress Tensor, Ascending Order               
  Stress_EigVecs = Eigenvectors of Stress Tensor                               
  -DivStress = Ehrenfest Force Density = Minus Divergence of Stress Tensor     
  BP = Bond Path                                                               
  BPL = Bond Path Length                                                       
  GBL = Geometric Bond Length                                                  
  GBL_I = Distance Between Nuclear Attractors                                  
  GBL_II = Distance Between Nuclei                                             
  GBL_III = Sum of Distances Between BCP and Nuclear Attractors                
  GBL_IV = Sum of Distances Between BCP and Nuclei                             

CP# 1      Coords = -1.26381354729121E+01 -1.39057144439543E+00 -1.06050695334772E-02
           Type = (3,-3) NACP C1
           Rho =  1.2062232098E+02     Rho at Nucleus =  1.2062231927E+02
           GradRho =  1.4470147454E-10  8.9691294753E-12 -1.5535907240E-13
           HessRho_EigVals = -2.2220407972E+05 -2.2220202983E+05 -2.2220187889E+05
           HessRho_EigVec1 =  8.1519131598E-01  5.7917540299E-01  4.3555619836E-03
           HessRho_EigVec2 =  1.8518353969E-03 -1.0126347385E-02  9.9994701249E-01
           HessRho_EigVec3 = -5.7918881986E-01  8.1514005524E-01  9.3274479629E-03
           DelSqRho = -6.6660798844E+05
           Bond Ellipticity = NA
           V = -1.6666254492E+05
           G =  5.2739051264E+00
           K =  1.6665727102E+05
           L =  1.6665199711E+05
           Vnuc =  1.5279868610E+06
           Ven = -1.8430932160E+08
           Vrep =  1.8414265905E+08
           DelSqV =  8.1590211494E+09
           DelSqVen =  1.0185682514E+12
           DelSqVrep = -1.0104092302E+12
           DelSqG =  3.0701537231E+08
           DelSqK = -8.4660365217E+09
           Stress_EigVals = -5.5554399450E+04 -5.5554356172E+04 -5.5553789298E+04
           Stress_EigVec1 = -5.7897451898E-01  8.1529448883E-01  9.1325163619E-03
           Stress_EigVec2 =  1.7235376516E-03 -9.9769641395E-03  9.9994874349E-01
           Stress_EigVec3 =  8.1534381447E-01  5.7896058300E-01  4.3712172649E-03
           -DivStress = -8.8729021250E+03 -5.5634474884E+03 -5.0318536803E+01

CP# 2      Coords = -1.04013162681170E+01  2.30653871904624E-01  1.98426167710125E-03
           Type = (3,-3) NACP N2
           Rho =  1.9567484038E+02     Rho at Nucleus =  1.9567484003E+02
           GradRho =  3.6336270623E-09 -2.7366156865E-09 -1.9831969948E-11
           HessRho_EigVals = -4.9026877051E+05 -4.9026767825E+05 -4.9026086151E+05
           HessRho_EigVec1 =  9.3181458466E-01 -3.6293364568E-01 -8.6524225473E-04
           HessRho_EigVec2 =  3.6293218002E-01  9.3179668220E-01  5.9309142772E-03
           HessRho_EigVec3 = -1.3462984786E-03 -5.8405366816E-03  9.9998203764E-01
           DelSqRho = -1.4707973103E+06
           Bond Ellipticity = NA
           V = -3.6773594451E+05
           G =  1.8308471069E+01
           K =  3.6771763604E+05
           L =  3.6769932757E+05
           Vnuc =  5.8699267237E+06
           Ven = -1.1485969747E+09
           Vrep =  1.1482292387E+09
           DelSqV =  2.4434692111E+10
           DelSqVen =  8.6334719918E+12
           DelSqVrep = -8.6090372997E+12
           DelSqG =  9.2137079377E+08
           DelSqK = -2.5356062905E+10
           Stress_EigVals = -1.2257960443E+05 -1.2257832449E+05 -1.2257801560E+05
           Stress_EigVec1 = -1.3756513295E-03 -5.8610011299E-03  9.9998187796E-01
           Stress_EigVec2 =  4.5895227092E-01  8.8844173895E-01  5.8386221452E-03
           Stress_EigVec3 =  8.8845985874E-01 -4.5895198568E-01 -1.4677337191E-03
           -DivStress = -7.4331088777E+03  5.9300339659E+03  4.2906006536E+01

CP# 3      Coords = -1.03460635617546E+01  2.86713510839702E+00  1.68979689708575E-02
           Type = (3,-3) NACP C3
           Rho =  1.2079300506E+02     Rho at Nucleus =  1.2079300403E+02
           GradRho = -1.6706757930E-12  3.0306198992E-11  2.4469348959E-13
           HessRho_EigVals = -2.2249933942E+05 -2.2249930809E+05 -2.2249763719E+05
           HessRho_EigVec1 =  1.5613911275E-01  9.8773125659E-01  2.7463120561E-03
           HessRho_EigVec2 = -4.3894522047E-04 -2.7110260652E-03  9.9999622883E-01
           HessRho_EigVec3 =  9.8773497700E-01 -1.5613972940E-01  1.0262709723E-05
           DelSqRho = -6.6749628470E+05
           Bond Ellipticity = NA
           V = -1.6688453196E+05
           G =  5.2303929074E+00
           K =  1.6687930157E+05
           L =  1.6687407117E+05
           Vnuc =  1.9722290462E+06
           Ven = -2.3823147314E+08
           Vrep =  2.3806458861E+08
           DelSqV =  8.1697232148E+09
           DelSqVen =  1.3164555837E+12
           DelSqVrep = -1.3082858605E+12
           DelSqG =  3.0739886823E+08
           DelSqK = -8.4771220830E+09
           Stress_EigVals = -5.5628619533E+04 -5.5628054121E+04 -5.5627858306E+04
           Stress_EigVec1 =  9.9403309586E-01 -1.0907848330E-01  2.9800883630E-04
           Stress_EigVec2 =  1.0907485835E-01  9.9401613286E-01  5.8824216712E-03
           Stress_EigVec3 = -9.3787122501E-04 -5.8148165534E-03  9.9998265400E-01
           -DivStress =  1.5754383098E+02  8.1203145894E+03  4.4643547131E+01

CP# 4      Coords = -8.05892064702444E+00  3.79463149256184E+00  2.42357421727438E-02
           Type = (3,-3) NACP N4
           Rho =  1.9623723146E+02     Rho at Nucleus =  1.9623721138E+02
           GradRho =  2.1415953547E-10  2.0175134310E-11  2.9493678022E-13
           HessRho_EigVals = -4.9165402516E+05 -4.9165362814E+05 -4.9164390907E+05
           HessRho_EigVec1 = -9.9925069136E-05 -5.9062626383E-03  9.9998255289E-01
           HessRho_EigVec2 =  9.5326711551E-01 -3.0212406903E-01 -1.6891982903E-03
           HessRho_EigVec3 =  3.0212877469E-01  9.5325031496E-01  5.6604357172E-03
           DelSqRho = -1.4749515624E+06
           Bond Ellipticity = NA
           V = -3.6877220163E+05
           G =  1.7155521644E+01
           K =  3.6875504611E+05
           L =  3.6873789059E+05
           Vnuc =  7.7446643243E+05
           Ven = -1.5197914856E+08
           Vrep =  1.5161037636E+08
           DelSqV =  2.4502799564E+10
           DelSqVen =  1.1423004749E+12
           DelSqVrep = -1.1177976753E+12
           DelSqG =  9.2392058430E+08
           DelSqK = -2.5426720148E+10
           Stress_EigVals = -1.2292550003E+05 -1.2292357566E+05 -1.2292312594E+05
           Stress_EigVec1 =  3.3017498761E-01  9.4390275635E-01  5.6625178143E-03
           Stress_EigVec2 =  9.4391945417E-01 -3.3017362327E-01 -1.2010584934E-03
           Stress_EigVec3 = -7.3593160113E-04 -5.7415201977E-03  9.9998324653E-01
           -DivStress =  1.7276058240E+04  7.0259365336E+04  4.0121918018E+02

CP# 5      Coords = -6.49467109570942E+00  1.72066405317770E+00  1.40388291662495E-02
           Type = (3,-3) NACP C5
           Rho =  1.2078976866E+02     Rho at Nucleus =  1.2078976866E+02
           GradRho = -6.8513248999E-11 -1.0427566499E-11 -1.7869096767E-13
           HessRho_EigVals = -2.2256294743E+05 -2.2256263554E+05 -2.2256210254E+05
           HessRho_EigVec1 = -1.3989068186E-01  9.9015037618E-01  5.7297195603E-03
           HessRho_EigVec2 =  9.9016668045E-01  1.3988399836E-01  1.5530394166E-03
           HessRho_EigVec3 = -7.3624648095E-04 -5.8906331398E-03  9.9998237904E-01
           DelSqRho = -6.6768768551E+05
           Bond Ellipticity = NA
           V = -1.6693299577E+05
           G =  5.5371944663E+00
           K =  1.6692745857E+05
           L =  1.6692192138E+05
           Vnuc =  3.0390311651E+07
           Ven = -3.6708387139E+09
           Vrep =  3.6706717809E+09
           DelSqV =  8.1723085965E+09
           DelSqVen =  2.0291220668E+13
           DelSqVrep = -2.0283048360E+13
           DelSqG =  3.0758583919E+08
           DelSqK = -8.4798944356E+09
           Stress_EigVals = -5.5644439117E+04 -5.5644298621E+04 -5.5644258030E+04
           Stress_EigVec1 =  9.9898028880E-01 -4.5147988117E-02  2.0433808055E-04
           Stress_EigVec2 =  4.5146775986E-02  9.9897198595E-01  4.0914440532E-03
           Stress_EigVec3 = -3.8884848563E-04 -4.0780467563E-03  9.9999160913E-01
           -DivStress = -4.1193040506E+02 -3.3582851202E+02  2.5340572436E+00

CP# 6      Coords = -3.77464913241217E+00  1.54035245094665E+00  1.37553555017151E-02
           Type = (3,-3) NACP C6
           Rho =  1.2079962840E+02     Rho at Nucleus =  1.2079962705E+02
           GradRho = -1.7617972547E-11  1.0265471948E-11 -4.7194674917E-14
           HessRho_EigVals = -2.2250079734E+05 -2.2249881421E+05 -2.2249720407E+05
           HessRho_EigVec1 = -1.4349013943E-04 -4.6458881530E-03  9.9998919751E-01
           HessRho_EigVec2 = -3.3729867766E-01  9.4138774925E-01  4.3252298806E-03
           HessRho_EigVec3 =  9.4139767445E-01  3.3729441336E-01  1.7021317900E-03
           DelSqRho = -6.6749681562E+05
           Bond Ellipticity = NA
           V = -1.6688419155E+05
           G =  4.9938243107E+00
           K =  1.6687919773E+05
           L =  1.6687420390E+05
           Vnuc =  1.7193345041E+06
           Ven = -2.0769496920E+08
           Vrep =  2.0752808501E+08
           DelSqV =  8.1696827027E+09
           DelSqVen =  1.1476503122E+12
           DelSqVrep = -1.1394806295E+12
           DelSqG =  3.0738149504E+08
           DelSqK = -8.4770641977E+09
           Stress_EigVals = -5.5628703998E+04 -5.5628088273E+04 -5.5627399281E+04
           Stress_EigVec1 =  9.1280435755E-01  4.0839189493E-01  2.0651856294E-03
           Stress_EigVec2 = -4.0839708367E-01  9.1279464335E-01  4.2143937312E-03
           Stress_EigVec3 = -1.6396613817E-04 -4.6903327506E-03  9.9998898689E-01
           -DivStress = -3.6149503706E+03  8.5821615994E+03  4.1642534743E+01

CP# 7      Coords = -2.18554823391536E+00  3.22302075935111E+00  2.17526662444002E-02
           Type = (3,-3) NACP O7
           Rho =  2.9760970522E+02     Rho at Nucleus =  2.9760968059E+02
           GradRho = -1.2483619444E-10 -7.8404239574E-11  1.2604522511E-12
           HessRho_EigVals = -9.6919787826E+05 -9.6919565531E+05 -9.6917629513E+05
           HessRho_EigVec1 =  7.1053898282E-01  7.0365642096E-01  1.4124934574E-03
           HessRho_EigVec2 =  9.6090256029E-04 -2.9776538788E-03  9.9999510511E-01
           HessRho_EigVec3 = -7.0365718256E-01  7.1053414754E-01  2.7918844147E-03
           DelSqRho = -2.9075698287E+06
           Bond Ellipticity = NA
           V = -7.2698960084E+05
           G =  4.8571832542E+01
           K =  7.2694102901E+05
           L =  7.2689245717E+05
           Vnuc =  1.1223275773E+06
           Ven = -3.3401557943E+08
           Vrep =  3.3328858983E+08
           DelSqV =  6.2558317776E+10
           DelSqVen =  3.2632458004E+12
           DelSqVrep = -3.2006874827E+12
           DelSqG =  2.3675052716E+09
           DelSqK = -6.4925823048E+10
           Stress_EigVals = -2.4233328958E+05 -2.4232843772E+05 -2.4232787353E+05
           Stress_EigVec1 =  7.1153181801E-01 -7.0264828982E-01 -2.8022792328E-03
           Stress_EigVec2 =  1.0305374494E-03 -2.9445818643E-03  9.9999513370E-01
           Stress_EigVec3 =  7.0265312206E-01  7.1153124334E-01  1.3710583107E-03
           -DivStress =  8.9595174808E+04  1.1484434694E+05  5.2855439673E+02

CP# 8      Coords = -2.93908702731656E+00 -1.01655632239439E+00  1.61198276904618E-03
           Type = (3,-3) NACP N8
           Rho =  1.9577103304E+02     Rho at Nucleus =  1.9577102980E+02
           GradRho =  9.0766984082E-11 -4.3576180950E-11 -3.1421710394E-14
           HessRho_EigVals = -4.9052889650E+05 -4.9052414244E+05 -4.9052121943E+05
           HessRho_EigVec1 =  2.6532420054E-01  9.6414701688E-01  4.8578235756E-03
           HessRho_EigVec2 =  9.6415904210E-01 -2.6532412094E-01 -6.7259197699E-04
           HessRho_EigVec3 = -6.4042022166E-04 -4.8621694539E-03  9.9998797451E-01
           DelSqRho = -1.4715742584E+06
           Bond Ellipticity = NA
           V = -3.6793052837E+05
           G =  1.8481890845E+01
           K =  3.6791204648E+05
           L =  3.6789356459E+05
           Vnuc =  1.9247248464E+06
           Ven = -3.7680537150E+08
           Vrep =  3.7643744098E+08
           DelSqV =  2.4447568857E+10
           DelSqVen =  2.8323755377E+12
           DelSqVrep = -2.8079279688E+12
           DelSqG =  9.2189227834E+08
           DelSqK = -2.5369461135E+10
           Stress_EigVals = -1.2264414759E+05 -1.2264370640E+05 -1.2264267438E+05
           Stress_EigVec1 = -5.2317819437E-04 -4.8447630033E-03  9.9998812721E-01
           Stress_EigVec2 =  9.5689814020E-01 -2.9042232644E-01 -9.0640986292E-04
           Stress_EigVec3 =  2.9042326966E-01  9.5688630494E-01  4.7878873359E-03
           -DivStress =  2.7856178621E+04  8.2522646367E+03  6.5926581689E+01

CP# 9      Coords = -4.35629433403906E+00 -3.09906402855499E+00 -1.01137609089822E-02
           Type = (3,-3) NACP C9
           Rho =  1.2069788421E+02     Rho at Nucleus =  1.2069788404E+02
           GradRho = -1.5613292462E-09 -4.8919552560E-10 -1.9504778448E-12
           HessRho_EigVals = -2.2228923132E+05 -2.2228687638E+05 -2.2228632239E+05
           HessRho_EigVec1 = -8.1937915347E-04 -5.2721961360E-03  9.9998576618E-01
           HessRho_EigVec2 =  9.7843398404E-01 -2.0655957087E-01 -2.8731825148E-04
           HessRho_EigVec3 =  2.0655814554E-01  9.7841982177E-01  5.3277464763E-03
           DelSqRho = -6.6686243009E+05
           Bond Ellipticity = NA
           V = -1.6672575091E+05
           G =  5.0716957819E+00
           K =  1.6672067922E+05
           L =  1.6671560752E+05
           Vnuc =  4.8074771413E+06
           Ven = -5.8025231934E+08
           Vrep =  5.8008559359E+08
           DelSqV =  8.1619137236E+09
           DelSqVen =  3.2059258307E+12
           DelSqVrep = -3.1977639169E+12
           DelSqG =  3.0705687109E+08
           DelSqK = -8.4689705947E+09
           Stress_EigVals = -5.5575668402E+04 -5.5575485175E+04 -5.5574597337E+04
           Stress_EigVec1 =  1.4930387072E-01  9.8877755642E-01  5.2247592844E-03
           Stress_EigVec2 =  9.8879091622E-01 -1.4930672719E-01  1.5880853188E-04
           Stress_EigVec3 = -9.3711802118E-04 -5.1424837913E-03  9.9998633824E-01
           -DivStress =  3.2033896673E+03  8.7427716847E+02  3.4505954199E+00

CP# 10     Coords = -3.22319386103564E+00 -5.36099285781565E+00 -1.87025891368967E-02
           Type = (3,-3) NACP N10
           Rho =  1.9553793878E+02     Rho at Nucleus =  1.9553793801E+02
           GradRho =  8.4024326025E-11 -8.3763220212E-11 -7.7051323636E-13
           HessRho_EigVals = -4.8992133960E+05 -4.8991926028E+05 -4.8991056489E+05
           HessRho_EigVec1 = -3.3028594551E-01  9.4386696624E-01  5.1326651612E-03
           HessRho_EigVec2 =  9.4387797313E-01  3.3026643851E-01  4.2955135214E-03
           HessRho_EigVec3 = -2.3592462730E-03 -6.2633573340E-03  9.9997760191E-01
           DelSqRho = -1.4697511648E+06
           Bond Ellipticity = NA
           V = -3.6747501214E+05
           G =  1.8610472972E+01
           K =  3.6745640167E+05
           L =  3.6743779119E+05
           Vnuc =  3.9538788482E+06
           Ven = -7.7313332016E+08
           Vrep =  7.7276584514E+08
           DelSqV =  2.4417482218E+10
           DelSqVen =  5.8112180879E+12
           DelSqVrep = -5.7868006057E+12
           DelSqG =  9.2070556820E+08
           DelSqK = -2.5338187786E+10
           Stress_EigVals = -1.2249300744E+05 -1.2249123292E+05 -1.2249077178E+05
           Stress_EigVec1 = -2.5327131360E-03 -6.1700872310E-03  9.9997775745E-01
           Stress_EigVec2 =  9.4187549553E-01  3.3593254410E-01  4.4583327056E-03
           Stress_EigVec3 = -3.3595258040E-01  9.4186583749E-01  4.9606332010E-03
           -DivStress =  1.0132733046E+04 -9.8336825386E+03  1.9344430852E+02

CP# 11     Coords = -6.92233647570167E+00 -2.88968525191912E+00 -1.21546501540973E-02
           Type = (3,-3) NACP N11
           Rho =  1.9554569385E+02     Rho at Nucleus =  1.9554569368E+02
           GradRho =  1.0658527703E-09  8.9994145270E-10  2.4975024708E-11
           HessRho_EigVals = -4.8996868238E+05 -4.8996767489E+05 -4.8995800882E+05
           HessRho_EigVec1 =  9.2911419545E-01 -3.6979047625E-01 -1.3474002664E-03
           HessRho_EigVec2 =  3.6979266989E-01  9.2910304190E-01  4.5737115066E-03
           HessRho_EigVec3 = -4.3944127009E-04 -4.7477590286E-03  9.9998863277E-01
           DelSqRho = -1.4698943661E+06
           Bond Ellipticity = NA
           V = -3.6751088276E+05
           G =  1.8645618128E+01
           K =  3.6749223714E+05
           L =  3.6747359152E+05
           Vnuc =  8.2620839164E+06
           Ven = -1.6156149321E+09
           Vrep =  1.6152474212E+09
           DelSqV =  2.4419976107E+10
           DelSqVen =  1.2144392274E+13
           DelSqVrep = -1.2119972298E+13
           DelSqG =  9.2084959235E+08
           DelSqK = -2.5340825699E+10
           Stress_EigVals = -1.2250502500E+05 -1.2250304271E+05 -1.2250281505E+05
           Stress_EigVec1 = -4.4214459050E-04 -4.7617797052E-03  9.9998856492E-01
           Stress_EigVec2 =  3.8444117241E-01  9.2313820110E-01  4.5658115462E-03
           Stress_EigVec3 =  9.2314938632E-01 -3.8443879504E-01 -1.4224636107E-03
           -DivStress = -5.2330220946E+03 -4.3052802653E+03 -1.0978426663E+02

CP# 12     Coords = -7.93086123554695E+00 -4.71802668144390E-01  4.28995480305416E-04
           Type = (3,-3) NACP C12
           Rho =  1.2077797633E+02     Rho at Nucleus =  1.2077797372E+02
           GradRho = -6.1998633627E-11  5.5875372064E-12 -3.3540094903E-15
           HessRho_EigVals = -2.2250802511E+05 -2.2250779784E+05 -2.2250633788E+05
           HessRho_EigVec1 = -6.7553388875E-01  7.3730560346E-01  5.8661954566E-03
           HessRho_EigVec2 =  8.2074544717E-04 -7.2040682541E-03  9.9997371354E-01
           HessRho_EigVec3 =  7.3732848278E-01  6.7552094601E-01  4.2614520253E-03
           DelSqRho = -6.6752216084E+05
           Bond Ellipticity = NA
           V = -1.6689126648E+05
           G =  5.3631341863E+00
           K =  1.6688590334E+05
           L =  1.6688054021E+05
           Vnuc =  1.2384658562E+06
           Ven = -1.4957939987E+08
           Vrep =  1.4941250860E+08
           DelSqV =  8.1701722273E+09
           DelSqVen =  8.2670340813E+11
           DelSqVrep = -8.1853323590E+11
           DelSqG =  3.0746194023E+08
           DelSqK = -8.4776341675E+09
           Stress_EigVals = -5.5630769763E+04 -5.5630364204E+04 -5.5630132510E+04
           Stress_EigVec1 =  7.3325735257E-01  6.7993713075E-01  4.3764287297E-03
           Stress_EigVec2 = -6.7995000320E-01  7.3325300923E-01  2.8315350713E-03
           Stress_EigVec3 = -1.2837637037E-03 -5.0519966388E-03  9.9998641455E-01
           -DivStress =  4.9866582179E+03  1.1937823356E+04  7.1987493983E+01

CP# 13     Coords =  1.27491605425415E+01  3.16701137472631E-01  1.15292753836611E-02
           Type = (3,-3) NACP C13
           Rho =  1.2062032336E+02     Rho at Nucleus =  1.2062032174E+02
           GradRho = -1.3726944261E-10  1.3641963232E-12 -1.2831321874E-13
           HessRho_EigVals = -2.2219885606E+05 -2.2219678766E+05 -2.2219677968E+05
           HessRho_EigVec1 =  9.1487822686E-01  4.0372924025E-01  7.2841402437E-04
           HessRho_EigVec2 = -1.3671123924E-01  3.0809843876E-01  9.4148042417E-01
           HessRho_EigVec3 = -3.7987875314E-01  8.6143952347E-01 -3.3706687811E-01
           DelSqRho = -6.6659242340E+05
           Bond Ellipticity = NA
           V = -1.6665865552E+05
           G =  5.2748362117E+00
           K =  1.6665338069E+05
           L =  1.6664810585E+05
           Vnuc =  1.5700167866E+06
           Ven = -1.8937593248E+08
           Vrep =  1.8920927383E+08
           DelSqV =  8.1588278520E+09
           DelSqVen =  1.0465613005E+12
           DelSqVrep = -1.0384024726E+12
           DelSqG =  3.0700607153E+08
           DelSqK = -8.4658339235E+09
           Stress_EigVals = -5.5553078426E+04 -5.5553073533E+04 -5.5552503564E+04
           Stress_EigVec1 = -4.0001275638E-01  9.0497328570E-01 -1.4495912147E-01
           Stress_EigVec2 =  5.9184890586E-02 -1.3232796321E-01 -9.8943744566E-01
           Stress_EigVec3 =  9.1459660149E-01  4.0436698965E-01  6.2787158928E-04
           -DivStress =  8.9558454935E+03  4.8665882895E+03 -4.1433625956E+00

CP# 14     Coords =  1.02641925771895E+01 -8.78537226377078E-01  9.29184218328457E-03
           Type = (3,-3) NACP N14
           Rho =  1.9568635620E+02     Rho at Nucleus =  1.9568635614E+02
           GradRho = -3.3312801856E-10  1.1192945109E-10  2.3731296333E-12
           HessRho_EigVals = -4.9029976745E+05 -4.9029947126E+05 -4.9029244427E+05
           HessRho_EigVec1 =  8.0215813692E-01 -5.9709815743E-01  4.0141957617E-03
           HessRho_EigVec2 =  5.9710642450E-01  8.0216111632E-01 -1.2088361514E-03
           HessRho_EigVec3 = -2.4982379147E-03  3.3665798335E-03  9.9999121244E-01
           DelSqRho = -1.4708916830E+06
           Bond Ellipticity = NA
           V = -3.6775961627E+05
           G =  1.8347764875E+01
           K =  3.6774126851E+05
           L =  3.6772292074E+05
           Vnuc =  1.4748164266E+07
           Ven = -2.8860145259E+09
           Vrep =  2.8856467662E+09
           DelSqV =  2.4436260729E+10
           DelSqVen =  2.1692936094E+13
           DelSqVrep = -2.1668499833E+13
           DelSqG =  9.2143505651E+08
           DelSqK = -2.5357695785E+10
           Stress_EigVals = -1.2258746471E+05 -1.2258613412E+05 -1.2258601744E+05
           Stress_EigVec1 = -2.5074033695E-03  3.3930483025E-03  9.9999110004E-01
           Stress_EigVec2 =  7.5622434312E-01  6.5431233973E-01 -3.2395679073E-04
           Stress_EigVec3 = -6.5430761557E-01  7.5621680046E-01 -4.2065306891E-03
           -DivStress =  3.3699045273E+03 -1.7160835768E+03 -3.3245440203E+01

CP# 15     Coords =  9.71980316273345E+00 -3.44793887370396E+00  1.73250558449489E-02
           Type = (3,-3) NACP C15
           Rho =  1.2079532043E+02     Rho at Nucleus =  1.2079531969E+02
           GradRho =  1.9759977481E-10 -2.6895531128E-12  2.6432225549E-14
           HessRho_EigVals = -2.2250269969E+05 -2.2250234593E+05 -2.2250088430E+05
           HessRho_EigVec1 = -2.0676418218E-03  2.3166272728E-03  9.9999517904E-01
           HessRho_EigVec2 =  3.2773261271E-01  9.4476931115E-01 -1.5110519810E-03
           HessRho_EigVec3 =  9.4476825699E-01 -3.2772790841E-01  2.7126788485E-03
           DelSqRho = -6.6750592993E+05
           Bond Ellipticity = NA
           V = -1.6688692187E+05
           G =  5.2196954613E+00
           K =  1.6688170218E+05
           L =  1.6687648248E+05
           Vnuc =  2.3230961793E+06
           Ven = -2.8061914738E+08
           Vrep =  2.8045226045E+08
           DelSqV =  8.1698365093E+09
