AIMSum (Version 11.12.19, Professional)
Copyright (c) 1997-2011 by Todd A. Keith
AIMSum is a component of the AIMAll package ( http://aim.tkgristmill.com )

Much of the Quantum Theory of Atoms in Molecules (QTAIM) is described in the book:
  "Atoms in Molecules - A Quantum Theory"
  R.F.W. Bader, Oxford University Press, Oxford, 1990

For additional references see:  http://aim.tkgristmill.com/references.html

Wfx File:  /home4/vemuri/FCHK/CHK-N3Prot/chk-Mp2-Spe-GGWHT-N3-pro-33.wfx
Sum File:  /home4/vemuri/FCHK/CHK-N3Prot/chk-Mp2-Spe-GGWHT-N3-pro-33.sum

SumViz File:  /home4/vemuri/FCHK/CHK-N3Prot/chk-Mp2-Spe-GGWHT-N3-pro-33.sumviz

Wfx Title:  chk-Mp2-Spe-GUWHT-corrected5-N3-prot-from-fopt-step33                          
 
Total memory allocated for AIMSum =       27.857 Megabytes

Atomic units (a.u.) used throughout, except where stated otherwise

Restricted, closed-shell, single-determinant wavefunction.
  Number of electrons (from MO Occs)                   =         172.0000000000
  Number of Alpha electrons (from MO Occs)             =          86.0000000000
  Number of Beta electrons (from MO Occs)              =          86.0000000000
  Number of electron pairs (N*(N-1)/2)                 =       14706.0000000000
  Number of electron pairs (from Muller 2EDM)          =       14706.0000000000
 
Nuclear Charges and Cartesian Coordinates:
-------------------------------------------------------------------------------
Atom      Charge                X                  Y                  Z
-------------------------------------------------------------------------------
C1         6.0          -7.3222220000E+00   6.1478705900E+00   1.8269872300E-02
N2         7.0          -5.8128788400E+00   3.8336609500E+00   4.8320297200E-03
C3         6.0          -3.2181072300E+00   3.6447847100E+00  -7.3019017800E-03
N4         7.0          -2.4285097300E+00   1.2854578600E+00  -1.8721516800E-02
C5         6.0          -4.6022787100E+00  -1.5266530500E-01  -1.4692620700E-02
C6         6.0          -4.9294318800E+00  -2.8156484700E+00  -1.1682287000E-02
O7         8.0          -3.2966272400E+00  -4.5056683500E+00  -1.0788446500E-02
N8         7.0          -7.5089439500E+00  -3.4687170400E+00   7.3321374000E-04
C9         6.0          -9.4974952000E+00  -1.7714198300E+00   5.1551728900E-03
N10        7.0          -1.1869443500E+01  -2.7471213400E+00   9.4355915500E-02
N11        7.0          -9.1793087900E+00   6.9839364600E-01  -3.1841885300E-03
C12        6.0          -6.7289708300E+00   1.4038813200E+00   1.0922617000E-03
C13        6.0           1.1931307500E+01  -2.7804712200E+00   2.0879584000E-02
N14        7.0           1.0196361300E+01  -6.3453413100E-01   1.1090802700E-02
C15        6.0           1.0825583400E+01   1.9258444700E+00   8.9554121400E-03
N16        7.0           8.8548768200E+00   3.4117058900E+00   2.5889248000E-04
C17        6.0           6.8067784100E+00   1.8102990500E+00  -3.7189810300E-03
C18        6.0           4.1284941300E+00   2.3556740200E+00  -1.2081019200E-02
O19        8.0           3.0436382600E+00   4.3767493400E+00  -1.7200287300E-02
N20        7.0           2.6397395400E+00   6.5399642000E-02  -1.4010429500E-02
C21        6.0           3.4780333900E+00  -2.3227379800E+00  -6.6612846200E-03
N22        7.0           1.8894483400E+00  -4.2738821000E+00  -7.8461429000E-03
N23        7.0           6.0278711000E+00  -2.7429091400E+00   1.7687836600E-03
C24        6.0           7.6249447900E+00  -6.7059199500E-01   2.9668700300E-03
H25        1.0          -1.9881487400E+00   5.2775817900E+00  -6.4723120100E-03
H26        1.0          -7.8529874900E+00  -5.3530498900E+00   7.6006674800E-02
H27        1.0          -1.3304176500E+01  -1.5022925900E+00  -9.0960077700E-02
H28        1.0           1.2780981300E+01   2.5201179800E+00   1.4171056300E-02
H29        1.0           6.5690659800E-01   4.1532400900E-01  -1.8540103100E-02
H30        1.0          -7.0069155300E-02  -4.0791836200E+00  -1.0489869800E-02
H31        1.0           1.1666080700E+01  -3.9304980800E+00   1.7186681200E+00
H32        1.0           1.1676256800E+01  -3.9377357300E+00  -1.6735452400E+00
H33        1.0           1.3859540600E+01  -2.0547426900E+00   2.5059658200E-02
H34        1.0           2.5571849600E+00  -6.0610622500E+00  -4.4030618900E-04
H35        1.0          -8.5220204600E+00   6.1961077400E+00   1.6963202200E+00
H36        1.0          -6.0451205200E+00   7.7643177600E+00   3.8223490500E-02
H37        1.0          -8.5080213700E+00   6.2264605200E+00  -1.6687661300E+00
H38        1.0          -1.2225129700E+01  -4.5593630300E+00  -3.7474781000E-01
H39        1.0           6.6983516000E+00  -4.5317201100E+00   7.3718216400E-03
 
Some Atomic Properties:
----------------------
  q(A) = Net Charge of Atom A
  L(A) = Lagrangian of Atom A = -(1/4) Times Atomic Integral of the Laplacian of the Electron Density
  K(A) = Electronic Kinetic Energy of Atom A (Hamiltonian Form)
  K_Scaled(A) = K(A) * E(Mol)/K(Mol) = Approximation to Virial-Based Total Energy of Atom A.
  |Mu_Intra(A)| = Magnitude of Intraatomic Dipole Moment of Atom A
--------------------------------------------------------------------------------------------------
Atom A          q(A)              L(A)              K(A)          K_Scaled(A)      |Mu_Intra(A)|
--------------------------------------------------------------------------------------------------
C1        6.4341013200E-01 -5.0633230422E-04  3.7371500713E+01 -3.7434367026E+01  5.3219811088E-01
N2       -1.5655849199E+00  3.8654394476E-04  5.5377536867E+01 -5.5470692922E+01  1.8277102330E-01
C3        1.3595784906E+00 -1.8457160994E-03  3.6942038873E+01 -3.7004182746E+01  8.3320599639E-01
N4       -1.4908940879E+00  2.9274847004E-04  5.5180752483E+01 -5.5273577507E+01  2.5149790719E-01
C5        5.2915581570E-01  3.7992912504E-04  3.7600767477E+01 -3.7664019462E+01  5.6982485299E-01
C6        1.6019603404E+00 -2.2273384265E-03  3.6766205696E+01 -3.6828053782E+01  8.5308138242E-01
O7       -1.3766432210E+00  8.8981772341E-05  7.5492377321E+01 -7.5619370546E+01  5.2120596693E-01
N8       -1.4970910632E+00  6.5655169357E-05  5.5259292709E+01 -5.5352249854E+01  1.1651170576E-01
C9        1.9315171208E+00 -5.1508885452E-04  3.6619311505E+01 -3.6680912486E+01  9.2201994673E-02
N10      -1.4215763927E+00 -2.1688675106E-05  5.5106685110E+01 -5.5199385538E+01  1.1650322276E-01
N11      -1.4023514592E+00 -6.2235136249E-07  5.5106433348E+01 -5.5199133352E+01  5.9797920081E-02
C12       1.1665550279E+00 -1.1561139671E-03  3.7182018886E+01 -3.7244566453E+01  7.4815141475E-01
C13       6.4130537030E-01 -1.6739138369E-04  3.7368127231E+01 -3.7430987869E+01  5.2359683731E-01
N14      -1.5435005650E+00  2.3309744786E-04  5.5344584590E+01 -5.5437685212E+01  1.4165562263E-01
C15       1.3476677223E+00  4.9269415701E-04  3.6944713296E+01 -3.7006861667E+01  7.9014543678E-01
N16      -1.3685502773E+00  2.9803882902E-04  5.5094306341E+01 -5.5186985946E+01  3.1951265733E-01
C17       6.0273060340E-01 -1.1778373322E-03  3.7539750797E+01 -3.7602900140E+01  5.2776139799E-01
C18       1.6606378502E+00  2.2926289816E-03  3.6711657597E+01 -3.6773413922E+01  8.3145401659E-01
O19      -1.3159551996E+00  6.0539669880E-05  7.5517183198E+01 -7.5644218152E+01  6.5354657629E-01
N20      -1.5172290354E+00  4.5991483136E-04  5.5273102050E+01 -5.5366082424E+01  6.4441665823E-02
C21       2.0284075077E+00 -2.5892278133E-04  3.6548526821E+01 -3.6610008728E+01  3.5498949354E-02
N22      -1.4840660851E+00  1.0748927950E-04  5.5161927326E+01 -5.5254720682E+01  1.4027448906E-01
N23      -1.5315997925E+00  2.5963250139E-06  5.5292990288E+01 -5.5386004118E+01  1.1730863951E-01
C24       1.0577877205E+00  3.3634905906E-04  3.7229719221E+01 -3.7292347029E+01  8.8751903487E-01
H25       1.1732228378E-01  6.1957113377E-05  5.6743533119E-01 -5.6838987051E-01  1.0114220759E-01
H26       5.0863456937E-01  3.3741658128E-05  3.8772564657E-01 -3.8837787838E-01  1.6090511377E-01
H27       5.1879368435E-01  2.3237536452E-05  3.8054534153E-01 -3.8118549465E-01  1.5964896296E-01
H28       7.2930990110E-02  2.7410920454E-05  5.8633668664E-01 -5.8732302182E-01  1.0121285577E-01
H29       6.3597279712E-01  8.8155186140E-05  3.0710180348E-01 -3.0761840992E-01  9.3611859138E-02
H30       6.3847390474E-01  9.8434561841E-05  3.1069972792E-01 -3.1122238679E-01  9.7410374477E-02
H31      -2.3778919800E-02  2.4370747440E-05  6.2981124690E-01 -6.3087071495E-01  9.7241727772E-02
H32      -2.3834643500E-02  2.4931588035E-05  6.2983461253E-01 -6.3089411989E-01  9.7242154270E-02
H33       1.4806893490E-02  4.6958962763E-05  6.1348388883E-01 -6.1451589101E-01  9.7125366388E-02
H34       4.9804244419E-01  2.0926147482E-05  3.9281495000E-01 -3.9347574304E-01  1.6422488488E-01
H35      -4.3380773000E-03  3.4780050748E-05  6.2260308692E-01 -6.2365042940E-01  9.8165292935E-02
H36      -1.3919368300E-02  4.4527381443E-05  6.2642504387E-01 -6.2747881564E-01  9.5408201089E-02
H37      -5.6213244000E-03  3.1123156433E-05  6.2314267291E-01 -6.2419092309E-01  9.8230936292E-02
H38       4.9544514666E-01  1.9049398526E-05  3.9328232688E-01 -3.9394390614E-01  1.6687737168E-01
H39       5.1513072629E-01  3.8331686831E-05  3.8533565188E-01 -3.8598386325E-01  1.5777736679E-01
--------------------------------------------------------------------------------------------------
Total     9.9973270980E-01 -1.7619090175E-03  1.1554880878E+03 -1.1574318490E+03
 
Note.  Potentially significant integration error for the following atom:  C6      
Note.  Potentially significant integration error for the following atom:  C18     
 
Molecular charge q(Mol) from the wfx file:   1.0000000000E+00
Molecular energy E(Mol) from the wfx file:  -1.1574320215E+03
Molecular virial ratio (-V(Mol)/T(Mol)) from the wfx file:   2.0016821993E+00
Note.  K_Scaled(A) = (1+V(Mol)/T(Mol))*K(A) = E(Mol)/T(Mol)*K(A)
       Use K_Scaled(A) with caution.
 
Some Information About the Atomic Calculations:
----------------------------------------------
  Time(sec) = "Elapsed User Time", in Seconds, for Atom A by AIMInt
  NProc = Number of Processors Used for AIMInt Job
  BIM = Basin Integration Method
  OAQ = Angular Quadrature Outside of Beta Sphere
  ORQ = Multiple of Default for Radial Quadrature Outside of Beta Sphere
  IAQ = Multiple of Default for Angular Quadrature Inside of Beta Sphere
  IRQ = Multiple of Default for Radial Quadrature Inside of Beta Sphere
  MIR = Maximum Integration Radius
------------------------------------------------------------------------------------------------------
Atom A     Time(sec)   NProc      BIM              OAQ                 ORQ      IAQ      IRQ      MIR
------------------------------------------------------------------------------------------------------
C1            273        1     Proaim(5)    120*80    (High)           1.00     1.00     1.00    10.00
N2            584        1     Proaim(5)    120*80    (High)           1.00     1.00     1.00    10.00
C3            518        1     Proaim(5)    120*80    (High)           1.00     1.00     1.00    10.00
N4            678        1     Proaim(5)    120*80    (High)           1.00     1.00     1.00    10.00
C5            574        1     Proaim(5)    120*80    (High)           1.00     1.00     1.00    10.00
C6            417        1     Proaim(5)    120*80    (High)           1.00     1.00     1.00    10.00
O7            686        1     Proaim(5)    120*80    (High)           1.00     1.00     1.00    10.00
N8            548        1     Proaim(5)    120*80    (High)           1.00     1.00     1.00    10.00
C9            334        1     Proaim(5)    120*80    (High)           1.00     1.00     1.00    10.00
N10           480        1     Proaim(5)    120*80    (High)           1.00     1.00     1.00    10.00
N11           526        1     Proaim(5)    120*80    (High)           1.00     1.00     1.00    10.00
C12           436        1     Proaim(5)    120*80    (High)           1.00     1.00     1.00    10.00
C13           220        1     Proaim(5)    120*80    (High)           1.00     1.00     1.00    10.00
N14           431        1     Proaim(5)    120*80    (High)           1.00     1.00     1.00    10.00
C15           316        1     Proaim(5)    120*80    (High)           1.00     1.00     1.00    10.00
N16           433        1     Proaim(5)    120*80    (High)           1.00     1.00     1.00    10.00
C17           427        1     Proaim(5)    120*80    (High)           1.00     1.00     1.00    10.00
C18           376        1     Proaim(5)    120*80    (High)           1.00     1.00     1.00    10.00
O19           482        1     Proaim(5)    120*80    (High)           1.00     1.00     1.00    10.00
N20           552        1     Proaim(5)    120*80    (High)           1.00     1.00     1.00    10.00
C21           340        1     Proaim(5)    120*80    (High)           1.00     1.00     1.00    10.00
N22           502        1     Proaim(5)    120*80    (High)           1.00     1.00     1.00    10.00
N23           469        1     Proaim(5)    120*80    (High)           1.00     1.00     1.00    10.00
C24           393        1     Proaim(5)    120*80    (High)           1.00     1.00     1.00    10.00
H25           222        1     Proaim(5)    120*80    (High)           1.00     1.00     1.00    10.00
H26            61        1     Proaim(5)    72*48     (High)           1.00     1.00     1.00    10.00
H27            49        1     Proaim(5)    72*48     (High)           1.00     1.00     1.00    10.00
H28            83        1     Proaim(5)    72*48     (High)           1.00     1.00     1.00    10.00
H29           182        1     Proaim(5)    120*80    (High)           1.00     1.00     1.00    10.00
H30           158        1     Proaim(5)    120*80    (High)           1.00     1.00     1.00    10.00
H31           100        1     Proaim(5)    72*48     (High)           1.00     1.00     1.00    10.00
H32            95        1     Proaim(5)    72*48     (High)           1.00     1.00     1.00    10.00
H33            81        1     Proaim(5)    72*48     (High)           1.00     1.00     1.00    10.00
H34            68        1     Proaim(5)    72*48     (High)           1.00     1.00     1.00    10.00
H35           100        1     Proaim(5)    72*48     (High)           1.00     1.00     1.00    10.00
H36            89        1     Proaim(5)    72*48     (High)           1.00     1.00     1.00    10.00
H37           104        1     Proaim(5)    72*48     (High)           1.00     1.00     1.00    10.00
H38            51        1     Proaim(5)    72*48     (High)           1.00     1.00     1.00    10.00
H39            63        1     Proaim(5)    72*48     (High)           1.00     1.00     1.00    10.00
------------------------------------------------------------------------------------------------------
Total       12501
Note:  Total wall clock time is less than Total of atomic times if more than one atom
       was calculated at a time
 
Electron Density Critical Point Analysis of Molecular Structure:               
---------------------------------------------------------------                
  NACP = Nuclear Attractor Critical Point                                      
  NNACP = Non-Nuclear Attractor Critical Point                                 
  BCP = Bond Critical Point                                                    
  RCP = Ring Critical Point                                                    
  CCP = Cage Critical Point                                                    
  Rho = Electron Density                                                       
  GradRho = Gradient of Electron Density                                       
  HessRho_EigVals = Eigenvalues of the Hessian of Rho, Ascending Order         
  HessRho_EigVecs = Eigenvectors of the Hessian of Rho                         
  DelSqRho = Laplacian of Rho = Trace of Hessian of Rho                        
  Bond Ellipticity = (HessRho_EigVal(1) / HessRho_EigVal(2)) - 1               
  V = Virial Field = Potential Energy Density = Trace of Stress Tensor         
  G = Lagrangian Form of Kinetic Energy Density                                
  K = Hamiltonian Form of Kinetic Energy Density                               
  L = K - G = Lagrangian Density = (-1/4)DelSqRho                              
  Vnuc = Electrostatic Potential from Nuclei                                   
  Ven = Electron-nuclear attractive contribution to Virial Field V             
  Vrep = V - Ven = Repulsive contribution to Virial Field V                    
  DelSqV = Laplacian of V                                                      
  DelSqVen = Laplacian of Ven                                                  
  DelSqVrep = Laplacian of Vrep                                                
  DelSqG = Laplacian of G                                                      
  DelSqK = Laplacian of K                                                      
  Stress_EigVals = Eigenvalues of Stress Tensor, Ascending Order               
  Stress_EigVecs = Eigenvectors of Stress Tensor                               
  -DivStress = Ehrenfest Force Density = Minus Divergence of Stress Tensor     
  BP = Bond Path                                                               
  BPL = Bond Path Length                                                       
  GBL = Geometric Bond Length                                                  
  GBL_I = Distance Between Nuclear Attractors                                  
  GBL_II = Distance Between Nuclei                                             
  GBL_III = Sum of Distances Between BCP and Nuclear Attractors                
  GBL_IV = Sum of Distances Between BCP and Nuclei                             

CP# 1      Coords = -7.32221966705741E+00  6.14786732621243E+00  1.82698477622284E-02
           Type = (3,-3) NACP C1
           Rho =  1.2062918037E+02     Rho at Nucleus =  1.2062917858E+02
           GradRho =  4.1614794072E-11 -7.5915481913E-11 -1.1167621075E-13
           HessRho_EigVals = -2.2221885407E+05 -2.2221667990E+05 -2.2221666660E+05
           HessRho_EigVec1 = -5.2123429465E-01  8.5339933370E-01  4.9383524481E-03
           HessRho_EigVec2 =  1.5098947705E-01  8.6522088012E-02  9.8474164434E-01
           HessRho_EigVec3 =  8.3995058658E-01  5.1402675565E-01 -1.7395259863E-01
           DelSqRho = -6.6665220057E+05
           Bond Ellipticity = NA
           V = -1.6667360644E+05
           G =  5.2781497919E+00
           K =  1.6666832829E+05
           L =  1.6666305014E+05
           Vnuc =  1.4955613279E+06
           Ven = -1.8040833717E+08
           Vrep =  1.8024166356E+08
           DelSqV =  8.1595653145E+09
           DelSqVen =  9.9701924864E+11
           DelSqVrep = -9.8885968333E+11
           DelSqG =  3.0703865648E+08
           DelSqK = -8.4666039710E+09
           Stress_EigVals = -5.5558074260E+04 -5.5558067108E+04 -5.5557465074E+04
           Stress_EigVec1 =  8.4938754345E-01  5.2077500885E-01 -8.5639892515E-02
           Stress_EigVec2 =  7.5622806484E-02  4.0499501091E-02  9.9631369636E-01
           Stress_EigVec3 = -5.2232364696E-01  8.5273277207E-01  4.9826959738E-03
           -DivStress = -6.2202267825E+03  8.7071545900E+03  6.5416050318E+01

CP# 2      Coords = -5.81287878134664E+00  3.83366043474543E+00  4.83202436241984E-03
           Type = (3,-3) NACP N2
           Rho =  1.9569169754E+02     Rho at Nucleus =  1.9569169748E+02
           GradRho =  8.0549203091E-11 -3.1872811037E-10 -3.6291640266E-12
           HessRho_EigVals = -4.9031309711E+05 -4.9031263404E+05 -4.9030602518E+05
           HessRho_EigVec1 =  7.2130571402E-01  6.9261576865E-01 -1.2099291536E-03
           HessRho_EigVec2 = -6.9260174631E-01  7.2130043685E-01  5.3386144620E-03
           HessRho_EigVec3 =  4.5703309862E-03 -3.0127740718E-03  9.9998501752E-01
           DelSqRho = -1.4709317563E+06
           Bond Ellipticity = NA
           V = -3.6776957136E+05
           G =  1.8316135845E+01
           K =  3.6775125522E+05
           L =  3.6773293908E+05
           Vnuc =  1.3497646151E+07
           Ven = -2.6413772881E+09
           Vrep =  2.6410095186E+09
           DelSqV =  2.4436917952E+10
           DelSqVen =  1.9854113374E+13
           DelSqVrep = -1.9829676456E+13
           DelSqG =  9.2145999283E+08
           DelSqK = -2.5358377945E+10
           Stress_EigVals = -1.2259072551E+05 -1.2258950853E+05 -1.2258933732E+05
           Stress_EigVec1 =  4.7051200188E-03 -2.9913166705E-03  9.9998445681E-01
           Stress_EigVec2 = -6.8265417118E-01  7.3072166077E-01  5.3978735923E-03
           Stress_EigVec3 =  7.3072644978E-01  6.8266895821E-01 -1.3960983119E-03
           -DivStress = -4.7145101125E+02  4.1089391482E+03  4.2641128023E+01

CP# 3      Coords = -3.21810974839658E+00  3.64478419137002E+00 -7.30189329744517E-03
           Type = (3,-3) NACP C3
           Rho =  1.2079602920E+02     Rho at Nucleus =  1.2079602846E+02
           GradRho =  3.5204657183E-11  1.8307365089E-11 -9.1743019431E-14
           HessRho_EigVals = -2.2249949104E+05 -2.2249869926E+05 -2.2249729839E+05
           HessRho_EigVec1 =  3.6639751469E-03 -3.3687292949E-03  9.9998761340E-01
           HessRho_EigVec2 =  9.5376929224E-01 -3.0050594742E-01 -4.5069659971E-03
           HessRho_EigVec3 =  3.0051740792E-01  9.5377399169E-01  2.1119442325E-03
           DelSqRho = -6.6749548869E+05
           Bond Ellipticity = NA
           V = -1.6688431769E+05
           G =  5.2227582396E+00
           K =  1.6687909493E+05
           L =  1.6687387217E+05
           Vnuc =  2.3335125887E+06
           Ven = -2.8187905479E+08
           Vrep =  2.8171217047E+08
           DelSqV =  8.1696941750E+09
           DelSqVen =  1.5576090952E+12
           DelSqVrep = -1.5494394010E+12
           DelSqG =  3.0739033397E+08
           DelSqK = -8.4770845090E+09
           Stress_EigVals = -5.5628540852E+04 -5.5628102569E+04 -5.5627674267E+04
           Stress_EigVec1 =  2.5124132336E-01  9.6792160341E-01  2.3594693179E-03
           Stress_EigVec2 =  9.6791627612E-01 -2.5122841180E-01 -4.7294324964E-03
           Stress_EigVec3 =  3.9849541557E-03 -3.4719976349E-03  9.9998603259E-01
           -DivStress =  6.7222684362E+03  1.3956254200E+03 -2.2647093826E+01

CP# 4      Coords = -2.42851676648321E+00  1.28546011267616E+00 -1.87214799733719E-02
           Type = (3,-3) NACP N4
           Rho =  1.9611131940E+02     Rho at Nucleus =  1.9611130599E+02
           GradRho = -4.0065985312E-11 -1.1856725019E-11  7.3853358325E-13
           HessRho_EigVals = -4.9137024625E+05 -4.9136896516E+05 -4.9136227447E+05
           HessRho_EigVec1 =  3.3996388381E-01  9.4043843852E-01  3.1790353308E-04
           HessRho_EigVec2 =  4.2861577223E-03 -1.8874588701E-03  9.9998903312E-01
           HessRho_EigVec3 =  9.4042872487E-01 -3.3995879288E-01 -4.6725353236E-03
           DelSqRho = -1.4741014859E+06
           Bond Ellipticity = NA
           V = -3.6856032271E+05
           G =  1.7475621336E+01
           K =  3.6854284709E+05
           L =  3.6852537147E+05
           Vnuc =  9.4746102650E+05
           Ven = -1.8580783199E+08
           Vrep =  1.8543927167E+08
           DelSqV =  2.4489001032E+10
           DelSqVen =  1.3966537047E+12
           DelSqVrep = -1.3721647037E+12
           DelSqG =  9.2345121535E+08
           DelSqK = -2.5412452247E+10
           Stress_EigVals = -1.2285455287E+05 -1.2285289911E+05 -1.2285287074E+05
           Stress_EigVec1 =  9.3184571149E-01 -3.6282621844E-01 -4.5502957491E-03
           Stress_EigVec2 =  3.6284836995E-01  9.3168168622E-01  1.7615220069E-02
           Stress_EigVec3 = -2.1518364684E-03 -1.8065734674E-02  9.9983448572E-01
           -DivStress =  5.6307903297E+04 -1.8043254089E+04 -2.9465672806E+02

CP# 5      Coords = -4.60227748508609E+00 -1.52665490492207E-01 -1.46926112784858E-02
           Type = (3,-3) NACP C5
           Rho =  1.2079055141E+02     Rho at Nucleus =  1.2079055124E+02
           GradRho =  1.5448479252E-09 -2.4013335676E-10  1.2193992344E-11
           HessRho_EigVals = -2.2257336182E+05 -2.2257279855E+05 -2.2257212641E+05
           HessRho_EigVec1 =  8.6344871743E-01  5.0441928702E-01 -4.1827328150E-03
           HessRho_EigVec2 = -5.0433483842E-01  8.6341137404E-01  1.2929421598E-02
           HessRho_EigVec3 =  1.0133268711E-02 -9.0543946173E-03  9.9990766314E-01
           DelSqRho = -6.6771828678E+05
           Bond Ellipticity = NA
           V = -1.6694080667E+05
           G =  5.6174857181E+00
           K =  1.6693518918E+05
           L =  1.6692957170E+05
           Vnuc =  4.8429749153E+06
           Ven = -5.8498561049E+08
           Vrep =  5.8481866969E+08
           DelSqV =  8.1727160417E+09
           DelSqVen =  3.2337430446E+12
           DelSqVrep = -3.2255703286E+12
           DelSqG =  3.0761244746E+08
           DelSqK = -8.4803284892E+09
           Stress_EigVals = -5.5647034459E+04 -5.5646906190E+04 -5.5646866018E+04
           Stress_EigVec1 = -2.9400095598E-01  9.5577486879E-01 -7.6051351384E-03
           Stress_EigVec2 =  1.8840757844E-02  1.3750379224E-02  9.9972793945E-01
           Stress_EigVec3 =  9.5561941364E-01  2.9377768340E-01 -2.2050147493E-02
           -DivStress = -3.2785742464E+03  4.9648826555E+02 -2.5462326622E+01

CP# 6      Coords = -4.92943472421172E+00 -2.81565028770403E+00 -1.16823011792174E-02
           Type = (3,-3) NACP C6
           Rho =  1.2079833950E+02     Rho at Nucleus =  1.2079833823E+02
           GradRho =  4.3400070653E-11 -8.9573804832E-12 -9.8248232466E-15
           HessRho_EigVals = -2.2250174449E+05 -2.2249962304E+05 -2.2249814347E+05
           HessRho_EigVec1 =  7.8319077448E-03  4.6965738349E-03  9.9995830084E-01
           HessRho_EigVec2 =  9.7559312927E-01  2.1941478805E-01 -8.6716147365E-03
           HessRho_EigVec3 = -2.1944636552E-01  9.7562036314E-01 -2.8635087865E-03
           DelSqRho = -6.6749951101E+05
           Bond Ellipticity = NA
           V = -1.6688488984E+05
           G =  5.0060426867E+00
           K =  1.6687988379E+05
           L =  1.6687487775E+05
           Vnuc =  1.7775569187E+06
           Ven = -2.1472592415E+08
           Vrep =  2.1455903926E+08
           DelSqV =  8.1697256522E+09
           DelSqVen =  1.1865183887E+12
           DelSqVrep = -1.1783486631E+12
           DelSqG =  3.0738733605E+08
           DelSqK = -8.4771129883E+09
           Stress_EigVals = -5.5628905806E+04 -5.5628363809E+04 -5.5627620222E+04
           Stress_EigVec1 = -3.0189189506E-01  9.5334019373E-01 -1.9387418650E-03
           Stress_EigVec2 =  9.5331856994E-01  3.0186949131E-01 -7.6494725714E-03
           Stress_EigVec3 =  6.7073026426E-03  4.1575523930E-03  9.9996886294E-01
           -DivStress =  7.5835842626E+03  4.8677936748E+03  3.7612553878E+01

CP# 7      Coords = -3.29663165023246E+00 -4.50566309755716E+00 -1.07884475237201E-02
           Type = (3,-3) NACP O7
           Rho =  2.9752812551E+02     Rho at Nucleus =  2.9752810273E+02
           GradRho = -1.6972860108E-11 -3.0459411797E-10  8.3897255462E-13
           HessRho_EigVals = -9.6896454326E+05 -9.6895656680E+05 -9.6894330850E+05
           HessRho_EigVec1 =  7.3098392510E-01 -6.8239462044E-01  2.8852568026E-04
           HessRho_EigVec2 =  1.8357486467E-03  2.3892731170E-03  9.9999546069E-01
           HessRho_EigVec3 =  6.8239221220E-01  7.3098007727E-01 -2.9992252422E-03
           DelSqRho = -2.9068644186E+06
           Bond Ellipticity = NA
           V = -7.2681358304E+05
           G =  4.8739200274E+01
           K =  7.2676484384E+05
           L =  7.2671610464E+05
           Vnuc =  1.1664665983E+06
           Ven = -3.4705662047E+08
           Vrep =  3.4632980689E+08
           DelSqV =  6.2543492037E+10
           DelSqVen =  3.3907602524E+12
           DelSqVrep = -3.3282167604E+12
           DelSqG =  2.3670080800E+09
           DelSqK = -6.4910500117E+10
           Stress_EigVals = -2.4227408609E+05 -2.4227073849E+05 -2.4226875846E+05
           Stress_EigVec1 =  6.9112841221E-01  7.2272570231E-01 -3.0128146351E-03
           Stress_EigVec2 =  1.9259893759E-03  2.3268785186E-03  9.9999543809E-01
           Stress_EigVec3 =  7.2272941575E-01 -6.9113106200E-01  2.1620983164E-04
           -DivStress =  9.0120871307E+04 -1.0731337884E+05  2.0361548570E+01

CP# 8      Coords = -7.50894461275372E+00 -3.46871647996499E+00  7.33307186447331E-04
           Type = (3,-3) NACP N8
           Rho =  1.9566609769E+02     Rho at Nucleus =  1.9566609750E+02
           GradRho = -1.4516616622E-09  1.1724584832E-09  1.8115173294E-10
           HessRho_EigVals = -4.9025831446E+05 -4.9025742756E+05 -4.9024917295E+05
           HessRho_EigVec1 =  8.0739250984E-01 -5.8986290933E-01  1.3382198765E-02
           HessRho_EigVec2 =  5.9000144342E-01  8.0701469811E-01 -2.5011473479E-02
           HessRho_EigVec3 =  3.9537094169E-03  2.8089592934E-02  9.9959759051E-01
           DelSqRho = -1.4707649150E+06
           Bond Ellipticity = NA
           V = -3.6772816184E+05
           G =  1.8466547213E+01
           K =  3.6770969529E+05
           L =  3.6769122874E+05
           Vnuc =  8.0210614257E+06
           Ven = -1.5694497885E+09
           Vrep =  1.5690820603E+09
           DelSqV =  2.4434223427E+10
           DelSqVen =  1.1797095252E+13
           DelSqVrep = -1.1772661029E+13
           DelSqG =  9.2137242594E+08
           DelSqK = -2.5355595853E+10
           Stress_EigVals = -1.2257722699E+05 -1.2257554770E+05 -1.2257538715E+05
           Stress_EigVec1 =  2.8348554438E-03  2.8109138381E-02  9.9960084030E-01
           Stress_EigVec2 =  6.6309819828E-01  7.4818144062E-01 -2.2919671794E-02
           Stress_EigVec3 =  7.4852704897E-01 -6.6289849016E-01  1.6518132785E-02
           -DivStress =  5.2972578477E+03 -4.4836689993E+03 -7.4653483765E+02

CP# 9      Coords = -9.49749490638270E+00 -1.77142230625539E+00  5.15538336845513E-03
           Type = (3,-3) NACP C9
           Rho =  1.2071429322E+02     Rho at Nucleus =  1.2071429253E+02
           GradRho = -5.5981860315E-11  1.5365377183E-11  6.3487409774E-14
           HessRho_EigVals = -2.2232622038E+05 -2.2232445271E+05 -2.2232339415E+05
           HessRho_EigVec1 = -2.6602085200E-02 -5.5804901793E-03  9.9963052534E-01
           HessRho_EigVec2 =  9.1491638999E-01 -4.0303807644E-01  2.2097698270E-02
           HessRho_EigVec3 =  4.0276584809E-01  9.1516619642E-01  1.5827335178E-02
           DelSqRho = -6.6697406724E+05
           Bond Ellipticity = NA
           V = -1.6675361911E+05
           G =  5.0511496624E+00
           K =  1.6674856796E+05
           L =  1.6674351681E+05
           Vnuc =  2.3976552050E+06
           Ven = -2.8943125347E+08
           Vrep =  2.8926449985E+08
           DelSqV =  8.1632870605E+09
           DelSqVen =  1.5991738532E+12
           DelSqVrep = -1.5910105661E+12
           DelSqG =  3.0711757971E+08
           DelSqK = -8.4704046402E+09
           Stress_EigVals = -5.5585009921E+04 -5.5584658842E+04 -5.5583950346E+04
           Stress_EigVec1 =  4.1339793714E-01  9.1049857704E-01  9.7204304528E-03
           Stress_EigVec2 =  9.1043577404E-01 -4.1349174414E-01  1.1457699283E-02
           Stress_EigVec3 = -1.4451536635E-02 -4.1132383754E-03  9.9988711081E-01
           -DivStress = -7.8007482952E+02  6.6032239933E+03 -5.6412895126E+02

CP# 10     Coords = -1.18694423313007E+01 -2.74712101564267E+00  9.43533384905570E-02
           Type = (3,-3) NACP N10
           Rho =  1.9557013691E+02     Rho at Nucleus =  1.9557013492E+02
           GradRho =  3.2822443548E-11 -5.2914735094E-11  3.1697977576E-12
           HessRho_EigVals = -4.8999426397E+05 -4.8999281619E+05 -4.8998312848E+05
           HessRho_EigVec1 =  8.9877936226E-01  4.2904229146E-01  9.0101998348E-02
           HessRho_EigVec2 = -4.3638422807E-01  8.9523773014E-01  9.0101121103E-02
           HessRho_EigVec3 = -4.2005517021E-02 -1.2030011916E-01  9.9184848534E-01
           DelSqRho = -1.4699702086E+06
           Bond Ellipticity = NA
           V = -3.6752958907E+05
           G =  1.8518454011E+01
           K =  3.6751107061E+05
           L =  3.6749255216E+05
           Vnuc =  2.4577409117E+06
           Ven = -4.8066072659E+08
           Vrep =  4.8029319700E+08
           DelSqV =  2.4421037503E+10
           DelSqVen =  3.6128059392E+12
           DelSqVrep = -3.5883849017E+12
           DelSqG =  9.2082787155E+08
           DelSqK = -2.5341865375E+10
           Stress_EigVals = -1.2251131414E+05 -1.2250928887E+05 -1.2250898606E+05
           Stress_EigVec1 = -3.3743821710E-02 -1.2275846817E-01  9.9186274907E-01
           Stress_EigVec2 = -4.1967059684E-01  9.0243411622E-01  9.7412812436E-02
           Stress_EigVec3 =  9.0704903100E-01  4.1296855131E-01  8.1969695528E-02
           -DivStress = -9.3207229821E+03 -2.5940625504E+03  2.0564696397E+04

CP# 11     Coords = -9.17930198663780E+00  6.98388010873463E-01 -3.18409733348520E-03
           Type = (3,-3) NACP N11
           Rho =  1.9606152030E+02     Rho at Nucleus =  1.9606150113E+02
           GradRho = -3.7805269104E-10 -3.8177925448E-12  1.8193779816E-14
           HessRho_EigVals = -4.9126718753E+05 -4.9126263600E+05 -4.9125782083E+05
           HessRho_EigVec1 =  6.2432818765E-01  7.8111865894E-01 -8.2434682541E-03
           HessRho_EigVec2 =  7.2817174695E-03  4.7329248350E-03  9.9996228730E-01
           HessRho_EigVec3 =  7.8112821656E-01 -6.2436466915E-01 -2.7329870001E-03
           DelSqRho = -1.4737876444E+06
           Bond Ellipticity = NA
           V = -3.6848229862E+05
           G =  1.7693765496E+01
           K =  3.6846460485E+05
           L =  3.6844691109E+05
           Vnuc =  7.9236925110E+05
           Ven = -1.5535312001E+08
           Vrep =  1.5498463771E+08
           DelSqV =  2.4483942435E+10
           DelSqVen =  1.1677840120E+12
           DelSqVrep = -1.1433000696E+12
           DelSqG =  9.2329405697E+08
           DelSqK = -2.5407236492E+10
           Stress_EigVals = -1.2282835634E+05 -1.2282732746E+05 -1.2282661482E+05
           Stress_EigVec1 =  7.8201337729E-01 -6.2323446822E-01 -5.8202543086E-03
           Stress_EigVec2 =  1.1669773855E-02  5.3048143996E-03  9.9991783429E-01
           Stress_EigVec3 =  6.2315238434E-01  7.8201704366E-01 -1.1421441127E-02
           -DivStress = -5.4432275655E+04  4.5084002413E+04 -7.2863505853E+02

CP# 12     Coords = -6.72897228586490E+00  1.40388424933091E+00  1.09224952001019E-03
           Type = (3,-3) NACP C12
           Rho =  1.2083554213E+02     Rho at Nucleus =  1.2083554094E+02
           GradRho = -8.0120916100E-11  6.5718858603E-12  1.2365976299E-14
           HessRho_EigVals = -2.2261233288E+05 -2.2261114630E+05 -2.2261000703E+05
           HessRho_EigVec1 =  5.5223145677E-03 -1.7117331560E-04  9.9998473725E-01
           HessRho_EigVec2 =  4.4149266752E-01  8.9726194924E-01 -2.2845089544E-03
           HessRho_EigVec3 =  8.9724786351E-01 -4.4149854491E-01 -5.0305344970E-03
           DelSqRho = -6.6783348621E+05
           Bond Ellipticity = NA
           V = -1.6696892961E+05
           G =  5.2790275736E+00
           K =  1.6696365058E+05
           L =  1.6695837155E+05
           Vnuc =  1.8342223676E+06
           Ven = -2.2163925418E+08
           Vrep =  2.2147228525E+08
           DelSqV =  8.1739369718E+09
           DelSqVen =  1.2249551217E+12
           DelSqVrep = -1.2167811847E+12
           DelSqG =  3.0760182143E+08
           DelSqK = -8.4815387933E+09
           Stress_EigVals = -5.5656717201E+04 -5.5656389978E+04 -5.5655822429E+04
           Stress_EigVec1 =  9.5489707864E-01 -2.9689838090E-01 -4.7875491843E-03
           Stress_EigVec2 =  2.9690514827E-01  9.5490667800E-01  7.5447878504E-04
           Stress_EigVec3 =  4.3476591577E-03 -2.1418975881E-03  9.9998825500E-01
           -DivStress =  3.8983196110E+03 -7.8310229489E+03  3.2453877479E+01

CP# 13     Coords =  1.19313049012805E+01 -2.78046841345341E+00  2.08795696280262E-02
           Type = (3,-3) NACP C13
           Rho =  1.2062023743E+02     Rho at Nucleus =  1.2062023580E+02
           GradRho = -1.5287082607E-11 -1.3753555456E-11  1.7555535567E-14
           HessRho_EigVals = -2.2220014374E+05 -2.2219815581E+05 -2.2219800434E+05
           HessRho_EigVec1 = -6.3591649038E-01  7.7174975492E-01 -3.5402037442E-03
           HessRho_EigVec2 = -2.6204102692E-03  2.4280137969E-03  9.9999361908E-01
           HessRho_EigVec3 =  7.7175342611E-01  6.3592170944E-01  4.7828697071E-04
           DelSqRho = -6.6659630389E+05
           Bond Ellipticity = NA
           V = -1.6665962403E+05
           G =  5.2740267891E+00
           K =  1.6665435000E+05
           L =  1.6664907597E+05
           Vnuc =  1.5686656604E+06
           Ven = -1.8921282440E+08
           Vrep =  1.8904616478E+08
           DelSqV =  8.1588795227E+09
           DelSqVen =  1.0456667300E+12
           DelSqVrep = -1.0375078505E+12
           DelSqG =  3.0700991009E+08
           DelSqK = -8.4658894328E+09
           Stress_EigVals = -5.5553419703E+04 -5.5553376028E+04 -5.5552828295E+04
           Stress_EigVec1 =  7.7154859519E-01  6.3617021851E-01  4.6726625796E-04
           Stress_EigVec2 = -2.6180684922E-03  2.4407049518E-03  9.9999359432E-01
           Stress_EigVec3 = -6.3616500295E-01  7.7154487623E-01 -3.5486596816E-03
           -DivStress =  6.9304217493E+03 -7.4859692059E+03  3.8329782406E+01

CP# 14     Coords =  1.01963602823759E+01 -6.34534659155571E-01  1.10908016916602E-02
           Type = (3,-3) NACP N14
           Rho =  1.9567074619E+02     Rho at Nucleus =  1.9567074586E+02
           GradRho = -3.3351743202E-09 -1.8121700111E-09 -3.0898880718E-12
           HessRho_EigVals = -4.9025919887E+05 -4.9025817001E+05 -4.9025118282E+05
           HessRho_EigVec1 =  9.9738924102E-01  7.2141115591E-02  3.2189026264E-03
           HessRho_EigVec2 = -7.2134854814E-02  9.9739284128E-01 -2.0206136009E-03
           HessRho_EigVec3 = -3.3562797557E-03  1.7831431921E-03  9.9999277787E-01
           DelSqRho = -1.4707685517E+06
           Bond Ellipticity = NA
           V = -3.6772877285E+05
           G =  1.8317460279E+01
           K =  3.6771045539E+05
           L =  3.6769213793E+05
           Vnuc =  6.1054542594E+06
           Ven = -1.1946587907E+09
           Vrep =  1.1942910620E+09
           DelSqV =  2.4434222764E+10
           DelSqVen =  8.9797103452E+12
           DelSqVrep = -8.9552761225E+12
           DelSqG =  9.2135413019E+08
           DelSqK = -2.5355576894E+10
           Stress_EigVals = -1.2257723694E+05 -1.2257591320E+05 -1.2257562271E+05
           Stress_EigVec1 = -3.3684554041E-03  1.7947373693E-03  9.9999271619E-01
           Stress_EigVec2 = -1.8721984681E-01  9.8231512223E-01 -2.3936567980E-03
           Stress_EigVec3 =  9.8231226322E-01  1.8722654607E-01  2.9728742266E-03
           -DivStress =  8.1152736045E+03  4.2088199338E+03  8.0313277603E+00

CP# 15     Coords =  1.08255827541927E+01  1.92584152394477E+00  8.95541417786732E-03
           Type = (3,-3) NACP C15
           Rho =  1.2078937279E+02     Rho at Nucleus =  1.2078937177E+02
           GradRho =  1.0452575985E-10 -1.1310935223E-11 -3.7463519525E-14
           HessRho_EigVals = -2.2249294044E+05 -2.2249285862E+05 -2.2249125752E+05
           HessRho_EigVec1 =  1.1087591721E-01  9.9383425304E-01  9.2067855921E-05
           HessRho_EigVec2 = -3.2920662505E-03  2.7463685284E-04  9.9999454342E-01
           HessRho_EigVec3 =  9.9382880482E-01 -1.1087561530E-01  3.3022188160E-03
           DelSqRho = -6.6747705658E+05
           Bond Ellipticity = NA
           V = -1.6687973516E+05
           G =  5.2355099223E+00
           K =  1.6687449965E+05
           L =  1.6686926414E+05
           Vnuc =  1.9894048984E+06
           Ven = -2.4029896990E+08
           Vrep =  2.4013209016E+08
