CP# 44     
           Type = (3,-1) BCP H29 N4                                          
           Rho =  5.0996800319E-02
           DelSqRho =  1.3898458388E-01

CP# 75    
           Type = (3,-1) BCP H30 O7                                          
           Rho =  3.8908262339E-02
           DelSqRho =  1.5246050004E-01