AIMSum (Version 11.12.19, Professional)
Copyright (c) 1997-2011 by Todd A. Keith
AIMSum is a component of the AIMAll package ( http://aim.tkgristmill.com )

Much of the Quantum Theory of Atoms in Molecules (QTAIM) is described in the book:
  "Atoms in Molecules - A Quantum Theory"
  R.F.W. Bader, Oxford University Press, Oxford, 1990

For additional references see:  http://aim.tkgristmill.com/references.html

Wfx File:  /home4/vemuri/FCHK/CHK-N3Prot/chk-Mp2-Spe-AGWWC-N3-prot-fopt-23.wfx
Sum File:  /home4/vemuri/FCHK/CHK-N3Prot/chk-Mp2-Spe-AGWWC-N3-prot-fopt-23.sum

SumViz File:  /home4/vemuri/FCHK/CHK-N3Prot/chk-Mp2-Spe-AGWWC-N3-prot-fopt-23.sumviz

Wfx Title:  CHK-Mp2-Spe-AGWWC-N3prot-from-fopt-step23                                      
 
Total memory allocated for AIMSum =       26.543 Megabytes

Atomic units (a.u.) used throughout, except where stated otherwise

Restricted, closed-shell, single-determinant wavefunction.
  Number of electrons (from MO Occs)                   =         164.0000000000
  Number of Alpha electrons (from MO Occs)             =          82.0000000000
  Number of Beta electrons (from MO Occs)              =          82.0000000000
  Number of electron pairs (N*(N-1)/2)                 =       13366.0000000000
  Number of electron pairs (from Muller 2EDM)          =       13366.0000000000
 
Nuclear Charges and Cartesian Coordinates:
-------------------------------------------------------------------------------
Atom      Charge                X                  Y                  Z
-------------------------------------------------------------------------------
C1         6.0          -1.1973363400E+01   2.2682874100E+00  -3.4614491500E-01
N2         7.0          -1.0033892100E+01   3.4554398200E-01   6.9689320300E-02
C3         6.0          -1.0409889000E+01  -2.1839130300E+00   7.1301067700E-01
N4         7.0          -8.3060852400E+00  -3.4529623900E+00   9.5197599600E-01
C5         6.0          -6.4259154500E+00  -1.7300480500E+00   4.5984028800E-01
C6         6.0          -3.7150541800E+00  -2.0340671900E+00   4.1301098500E-01
O7         8.0          -2.4596335200E+00  -3.9337068300E+00   7.2708913700E-01
N8         7.0          -2.4312876300E+00   3.2040873500E-01  -8.7840139800E-02
C9         6.0          -3.5171167000E+00   2.5108885600E+00  -6.8449282000E-01
N10        7.0          -2.0944420500E+00   4.5294278800E+00  -1.2825779100E+00
N11        7.0          -6.0803658000E+00   2.7277610900E+00  -6.8926815800E-01
C12        6.0          -7.4821438600E+00   5.9843280300E-01  -8.6222534300E-02
C13        6.0           1.2136811400E+01   2.5093333200E+00   8.6850679200E-01
N14        7.0           1.0249610000E+01   6.1899302300E-01   1.7709379500E-01
C15        6.0           1.0665039800E+01  -1.7758153300E+00  -7.7856338700E-01
N16        7.0           8.5862050100E+00  -3.0735129400E+00  -1.1890856000E+00
C17        6.0           6.6888991900E+00  -1.4448808200E+00  -4.7267341800E-01
C18        6.0           4.0395201600E+00  -1.7323327300E+00  -4.1164660200E-01
N19        7.0           2.8672020900E+00  -3.8664212400E+00  -1.1422770900E+00
N20        7.0           2.6583155500E+00   2.8179974000E-01   4.0622308800E-01
C21        6.0           3.8810250500E+00   2.3874157500E+00   1.2213318900E+00
N22        7.0           6.3385382900E+00   2.8322742800E+00   1.2690550300E+00
C23        6.0           7.6762225100E+00   8.5447179600E-01   3.8534539400E-01
H24        1.0          -1.1726837200E+01   3.8472424100E+00   9.6490172200E-01
H25        1.0          -1.1932276900E+01   2.9427627900E+00  -2.3002256700E+00
H26        1.0          -1.3814961900E+01   1.4149116600E+00   6.2587729500E-03
H27        1.0          -3.4852219100E-01   2.5797596300E-01   1.2091223700E-01
H28        1.0          -2.0462143500E-01   4.3301109000E+00  -1.4765961000E+00
H29        1.0          -2.8458047200E+00   6.2476953800E+00  -1.6244728300E+00
H30        1.0           1.4009318400E+01   1.7428811800E+00   4.7699522200E-01
H31        1.0           1.1856447900E+01   4.2302861200E+00  -2.3580947500E-01
H32        1.0           1.1986247500E+01   2.9607284200E+00   2.8770059900E+00
H33        1.0           3.9627424700E+00  -5.3651044600E+00  -1.5911569600E+00
H34        1.0           1.0510146500E+00  -4.1941205400E+00  -6.0381474300E-01
H35        1.0          -1.2297018600E+01  -2.9263316200E+00   9.6782134900E-01
H36        1.0          -6.9105772900E+00   4.3432067000E+00  -1.2874193900E+00
H37        1.0           2.6698976800E+00   3.8829298900E+00   1.9509853800E+00
H38        1.0           1.2561213700E+01  -2.4553287200E+00  -1.1308707000E+00
 
Some Atomic Properties:
----------------------
  q(A) = Net Charge of Atom A
  L(A) = Lagrangian of Atom A = -(1/4) Times Atomic Integral of the Laplacian of the Electron Density
  K(A) = Electronic Kinetic Energy of Atom A (Hamiltonian Form)
  K_Scaled(A) = K(A) * E(Mol)/K(Mol) = Approximation to Virial-Based Total Energy of Atom A.
  |Mu_Intra(A)| = Magnitude of Intraatomic Dipole Moment of Atom A
--------------------------------------------------------------------------------------------------
Atom A          q(A)              L(A)              K(A)          K_Scaled(A)      |Mu_Intra(A)|
--------------------------------------------------------------------------------------------------
C1        6.3353964320E-01 -1.2481115267E-05  3.7372318422E+01 -3.7435289276E+01  5.2499655407E-01
N2       -1.5400152117E+00  1.2019302993E-05  5.5341221961E+01 -5.5434469694E+01  1.4185853797E-01
C3        1.3484227775E+00 -1.9131209745E-04  3.6944790018E+01 -3.7007040503E+01  7.9586147621E-01
N4       -1.3590542706E+00  9.3658378032E-05  5.5092035231E+01 -5.5184863095E+01  3.2584095058E-01
C5        6.0948497370E-01 -1.7384566411E-04  3.7539601977E+01 -3.7602854697E+01  5.1823283051E-01
C6        1.6491711795E+00 -1.8253048637E-04  3.6719452383E+01 -3.6781323183E+01  8.3800887306E-01
O7       -1.3160339821E+00  7.7880856460E-05  7.5528017745E+01 -7.5655279417E+01  6.5611091678E-01
N8       -1.5204289169E+00  1.4650126313E-04  5.5266709487E+01 -5.5359831670E+01  7.1011579884E-02
C9        2.0297622898E+00 -1.9843308444E-04  3.6547847990E+01 -3.6609429644E+01  4.4869569076E-02
N10           Data not available
N11      -1.5333550577E+00  9.1423742214E-05  5.5295879041E+01 -5.5389050373E+01  1.2516981189E-01
C12       1.0550446201E+00 -2.2344597019E-05  3.7230577953E+01 -3.7293309979E+01  8.8484463261E-01
C13       6.5442304900E-01 -1.4778915812E-04  3.7363060779E+01 -3.7426016033E+01  5.3012741196E-01
N14      -1.5682363822E+00  1.5008400725E-04  5.5377792658E+01 -5.5471102011E+01  1.7873874014E-01
C15       1.3736808283E+00 -1.5438180234E-04  3.6937369688E+01 -3.6999607671E+01  7.6231028688E-01
N16      -1.4172879126E+00  1.0186231748E-04  5.5088747672E+01 -5.5181569997E+01  2.5247450391E-01
C17       5.5790988610E-01 -7.8540267764E-05  3.7593952253E+01 -3.7657296551E+01  5.2067955723E-01
C18       1.2850617270E+00  6.0876732921E-05  3.7046418572E+01 -3.7108840298E+01  7.6706877276E-01
N19      -1.4898237703E+00 -1.3141913156E-04  5.5155325193E+01 -5.5248259697E+01  1.4767552411E-01
N20      -1.5278978767E+00  9.7296272018E-05  5.5165185296E+01 -5.5258136415E+01  1.3536793924E-01
C21       1.4654100579E+00 -8.6158690344E-05  3.6881306419E+01 -3.6943449938E+01  6.1145057219E-01
N22      -1.4764991963E+00  6.1108605103E-05  5.5154656617E+01 -5.5247589995E+01  2.4082360914E-01
C23       1.1653109911E+00 -2.7578942479E-05  3.7191120300E+01 -3.7253785842E+01  7.2475909799E-01
H24      -1.9318845100E-02  2.6976662198E-05  6.2784151537E-01 -6.2889940307E-01  9.7190756409E-02
H25      -2.1186829700E-02  2.3562935888E-05  6.2862122317E-01 -6.2968042465E-01  9.7318591399E-02
H26       2.1265071340E-02  4.4920932070E-05  6.1056567902E-01 -6.1159445764E-01  9.7108962672E-02
H27       6.4960466832E-01  1.4605539711E-04  2.8878487281E-01 -2.8927146371E-01  7.9680682087E-02
H28           Data not available
H29       5.2061905608E-01  1.9137440559E-05  3.8033914649E-01 -3.8098000265E-01  1.5699064244E-01
H30      -2.0761752000E-02  4.6432046151E-05  6.2902572165E-01 -6.3008560469E-01  9.5935222221E-02
H31      -1.3478557600E-02  3.2942102969E-05  6.2647681210E-01 -6.2753240033E-01  9.8859102681E-02
H32      -9.0126716000E-03  3.3477630602E-05  6.2446613243E-01 -6.2551833275E-01  9.8779113360E-02
H33       5.0963343822E-01  3.5445954467E-05  3.8627419911E-01 -3.8692505561E-01  1.6119469322E-01
H34       5.5780364474E-01  4.3809651961E-05  3.6292542009E-01 -3.6353693483E-01  1.2700100216E-01
H35       8.2917588730E-02  2.7090790844E-05  5.8188525736E-01 -5.8286571062E-01  1.0130817896E-01
H36       5.2157265892E-01  3.3308874428E-05  3.8129135431E-01 -3.8193381491E-01  1.5559737883E-01
H37      -1.8934178600E-02  1.8023214754E-05  6.3652298908E-01 -6.3759550472E-01  9.1533999979E-02
H38       6.2042775870E-02  3.0892421269E-05  5.9224661646E-01 -5.9324452819E-01  9.9685431503E-02
 
Molecular charge q(Mol) from the wfx file:   1.0000000000E+00
Molecular energy E(Mol) from the wfx file:  -1.0825114472E+03
Molecular virial ratio (-V(Mol)/T(Mol)) from the wfx file:   2.0016849598E+00
Note.  K_Scaled(A) = (1+V(Mol)/T(Mol))*K(A) = E(Mol)/T(Mol)*K(A)
       Use K_Scaled(A) with caution.
 
Some Information About the Atomic Calculations:
----------------------------------------------
  Time(sec) = "Elapsed User Time", in Seconds, for Atom A by AIMInt
  NProc = Number of Processors Used for AIMInt Job
  BIM = Basin Integration Method
  OAQ = Angular Quadrature Outside of Beta Sphere
  ORQ = Multiple of Default for Radial Quadrature Outside of Beta Sphere
  IAQ = Multiple of Default for Angular Quadrature Inside of Beta Sphere
  IRQ = Multiple of Default for Radial Quadrature Inside of Beta Sphere
  MIR = Maximum Integration Radius
------------------------------------------------------------------------------------------------------
Atom A     Time(sec)   NProc      BIM              OAQ                 ORQ      IAQ      IRQ      MIR
------------------------------------------------------------------------------------------------------
C1            154        1     Proaim(5)    120*80    (High)           1.00     1.00     1.00    10.00
N2            258        1     Proaim(5)    120*80    (High)           1.00     1.00     1.00    10.00
C3            222        1     Proaim(5)    120*80    (High)           1.00     1.00     1.00    10.00
N4            312        1     Proaim(5)    120*80    (High)           1.00     1.00     1.00    10.00
C5            301        1     Proaim(5)    120*80    (High)           1.00     1.00     1.00    10.00
C6            294        1     Proaim(5)    120*80    (High)           1.00     1.00     1.00    10.00
O7            338        1     Proaim(5)    120*80    (High)           1.00     1.00     1.00    10.00
N8            386        1     Proaim(5)    120*80    (High)           1.00     1.00     1.00    10.00
C9            254        1     Proaim(5)    120*80    (High)           1.00     1.00     1.00    10.00
N10           Data not available
N11           276        1     Proaim(5)    120*80    (High)           1.00     1.00     1.00    10.00
C12           275        1     Proaim(5)    120*80    (High)           1.00     1.00     1.00    10.00
C13           180        1     Proaim(5)    120*80    (High)           1.00     1.00     1.00    10.00
N14           243        1     Proaim(5)    120*80    (High)           1.00     1.00     1.00    10.00
C15           244        1     Proaim(5)    120*80    (High)           1.00     1.00     1.00    10.00
N16           274        1     Proaim(5)    120*80    (High)           1.00     1.00     1.00    10.00
C17           418        1     Proaim(5)    120*80    (High)           1.00     1.00     1.00    10.00
C18           289        1     Proaim(5)    120*80    (High)           1.00     1.00     1.00    10.00
N19           303        1     Proaim(5)    120*80    (High)           1.00     1.00     1.00    10.00
N20           370        1     Proaim(5)    120*80    (High)           1.00     1.00     1.00    10.00
C21           241        1     Proaim(5)    120*80    (High)           1.00     1.00     1.00    10.00
N22           331        1     Proaim(5)    120*80    (High)           1.00     1.00     1.00    10.00
C23           277        1     Proaim(5)    120*80    (High)           1.00     1.00     1.00    10.00
H24            57        1     Proaim(5)    72*48     (High)           1.00     1.00     1.00    10.00
H25            60        1     Proaim(5)    72*48     (High)           1.00     1.00     1.00    10.00
H26            51        1     Proaim(5)    72*48     (High)           1.00     1.00     1.00    10.00
H27           146        1     Proaim(5)    120*80    (High)           1.00     1.00     1.00    10.00
H28           Data not available
H29            40        1     Proaim(5)    72*48     (High)           1.00     1.00     1.00    10.00
H30            49        1     Proaim(5)    72*48     (High)           1.00     1.00     1.00    10.00
H31            54        1     Proaim(5)    72*48     (High)           1.00     1.00     1.00    10.00
H32            57        1     Proaim(5)    72*48     (High)           1.00     1.00     1.00    10.00
H33            42        1     Proaim(5)    72*48     (High)           1.00     1.00     1.00    10.00
H34           101        1     Proaim(5)    120*80    (High)           1.00     1.00     1.00    10.00
H35            50        1     Proaim(5)    72*48     (High)           1.00     1.00     1.00    10.00
H36            42        1     Proaim(5)    72*48     (High)           1.00     1.00     1.00    10.00
H37           218        1     Proaim(5)    120*80    (High)           1.00     1.00     1.00    10.00
H38            52        1     Proaim(5)    72*48     (High)           1.00     1.00     1.00    10.00
 
Electron Density Critical Point Analysis of Molecular Structure:               
---------------------------------------------------------------                
  NACP = Nuclear Attractor Critical Point                                      
  NNACP = Non-Nuclear Attractor Critical Point                                 
  BCP = Bond Critical Point                                                    
  RCP = Ring Critical Point                                                    
  CCP = Cage Critical Point                                                    
  Rho = Electron Density                                                       
  GradRho = Gradient of Electron Density                                       
  HessRho_EigVals = Eigenvalues of the Hessian of Rho, Ascending Order         
  HessRho_EigVecs = Eigenvectors of the Hessian of Rho                         
  DelSqRho = Laplacian of Rho = Trace of Hessian of Rho                        
  Bond Ellipticity = (HessRho_EigVal(1) / HessRho_EigVal(2)) - 1               
  V = Virial Field = Potential Energy Density = Trace of Stress Tensor         
  G = Lagrangian Form of Kinetic Energy Density                                
  K = Hamiltonian Form of Kinetic Energy Density                               
  L = K - G = Lagrangian Density = (-1/4)DelSqRho                              
  Vnuc = Electrostatic Potential from Nuclei                                   
  Ven = Electron-nuclear attractive contribution to Virial Field V             
  Vrep = V - Ven = Repulsive contribution to Virial Field V                    
  DelSqV = Laplacian of V                                                      
  DelSqVen = Laplacian of Ven                                                  
  DelSqVrep = Laplacian of Vrep                                                
  DelSqG = Laplacian of G                                                      
  DelSqK = Laplacian of K                                                      
  Stress_EigVals = Eigenvalues of Stress Tensor, Ascending Order               
  Stress_EigVecs = Eigenvectors of Stress Tensor                               
  -DivStress = Ehrenfest Force Density = Minus Divergence of Stress Tensor     
  BP = Bond Path                                                               
  BPL = Bond Path Length                                                       
  GBL = Geometric Bond Length                                                  
  GBL_I = Distance Between Nuclear Attractors                                  
  GBL_II = Distance Between Nuclei                                             
  GBL_III = Sum of Distances Between BCP and Nuclear Attractors                
  GBL_IV = Sum of Distances Between BCP and Nuclei                             

CP# 1      Coords = -1.19733604515846E+01  2.26828487449737E+00 -3.46144396782609E-01
           Type = (3,-3) NACP C1
           Rho =  1.2062163744E+02     Rho at Nucleus =  1.2062163573E+02
           GradRho =  1.8278364359E-10  3.0086056571E-11 -4.6157156671E-12
           HessRho_EigVals = -2.2220242793E+05 -2.2220038442E+05 -2.2220022725E+05
           HessRho_EigVec1 =  7.0803918714E-01 -6.9051275379E-01  1.4789403749E-01
           HessRho_EigVec2 =  4.1742225553E-02  2.4998846671E-01  9.6734862026E-01
           HessRho_EigVec3 =  7.0493836332E-01  6.7874730450E-01 -2.0582516988E-01
           DelSqRho = -6.6660303959E+05
           Bond Ellipticity = NA
           V = -1.6666130660E+05
           G =  5.2733514172E+00
           K =  1.6665603325E+05
           L =  1.6665075990E+05
           Vnuc =  1.5294323485E+06
           Ven = -1.8448263423E+08
           Vrep =  1.8431597292E+08
           DelSqV =  8.1589597116E+09
           DelSqVen =  1.0195242476E+12
           DelSqVrep = -1.0113652878E+12
           DelSqG =  3.0701254911E+08
           DelSqK = -8.4659722607E+09
           Stress_EigVals = -5.5553987246E+04 -5.5553942141E+04 -5.5553377215E+04
           Stress_EigVec1 =  7.0474371145E-01  6.7934766239E-01 -2.0450685754E-01
           Stress_EigVec2 =  4.0942698145E-02  2.4883177338E-01  9.6768096190E-01
           Stress_EigVec3 =  7.0827960343E-01 -6.9034013513E-01  1.4754830122E-01
           -DivStress = -7.8626989724E+03  6.7630015474E+03 -1.3827165101E+03

CP# 2      Coords = -1.00338910460512E+01  3.45544544375844E-01  6.96890865640473E-02
           Type = (3,-3) NACP N2
           Rho =  1.9567370190E+02     Rho at Nucleus =  1.9567370153E+02
           GradRho =  4.0000806611E-09  2.1591288722E-09 -8.9856283045E-10
           HessRho_EigVals = -4.9026481130E+05 -4.9026369282E+05 -4.9025687050E+05
           HessRho_EigVec1 =  9.7889470707E-01  1.8498840968E-01 -8.6858740234E-02
           HessRho_EigVec2 = -2.0054266643E-01  9.5132654421E-01 -2.3400949813E-01
           HessRho_EigVec3 =  3.9341980271E-02  2.4648954250E-01  9.6834658776E-01
           DelSqRho = -1.4707853746E+06
           Bond Ellipticity = NA
           V = -3.6773295623E+05
           G =  1.8306285547E+01
           K =  3.6771464994E+05
           L =  3.6769634366E+05
           Vnuc =  5.7506709751E+06
           Ven = -1.1252550781E+09
           Vrep =  1.1248873451E+09
           DelSqV =  2.4434489903E+10
           DelSqVen =  8.4580028908E+12
           DelSqVrep = -8.4335684008E+12
           DelSqG =  9.2136118284E+08
           DelSqK = -2.5355851085E+10
           Stress_EigVals = -1.2257861166E+05 -1.2257733051E+05 -1.2257701406E+05
           Stress_EigVec1 =  4.0882962221E-02  2.4731503277E-01  9.6807223799E-01
           Stress_EigVec2 = -3.0177598821E-01  9.2669076380E-01 -2.2399884201E-01
           Stress_EigVec3 =  9.5250188259E-01  2.8298322009E-01 -1.1251960190E-01
           -DivStress = -8.4060511545E+03 -4.4809966526E+03  1.8629303299E+03

CP# 3      Coords = -1.04098885576253E+01 -2.18391008720394E+00  7.13009941197447E-01
           Type = (3,-3) NACP C3
           Rho =  1.2079410867E+02     Rho at Nucleus =  1.2079410762E+02
           GradRho = -1.5993864054E-10  1.4400458421E-11 -3.8370712688E-12
           HessRho_EigVals = -2.2250134024E+05 -2.2250131100E+05 -2.2249962760E+05
           HessRho_EigVec1 = -1.2841516238E-03  8.9928698688E-01 -4.3735713804E-01
           HessRho_EigVec2 =  3.9928634680E-02  4.3705483087E-01  8.9854815060E-01
           HessRho_EigVec3 =  9.9920170891E-01 -1.6309201323E-02 -3.6468546242E-02
           DelSqRho = -6.6750227884E+05
           Bond Ellipticity = NA
           V = -1.6688602769E+05
           G =  5.2289926948E+00
           K =  1.6688079870E+05
           L =  1.6687556971E+05
           Vnuc =  1.9573017950E+06
           Ven = -2.3643052573E+08
           Vrep =  2.3626363970E+08
           DelSqV =  8.1697954404E+09
           DelSqVen =  1.3065034015E+12
           DelSqVrep = -1.2983336060E+12
           DelSqG =  3.0740158073E+08
           DelSqK = -8.4771970211E+09
           Stress_EigVals = -5.5629120252E+04 -5.5628552035E+04 -5.5628355408E+04
           Stress_EigVec1 =  9.9782171311E-01 -6.1673288567E-02 -2.3414404315E-02
           Stress_EigVec2 =  5.4403791214E-02  9.7006337287E-01 -2.3667969942E-01
           Stress_EigVec3 =  3.7310271424E-02  2.3489031077E-01  9.7130555725E-01
           -DivStress = -1.1885373674E+03 -7.8557795833E+03  1.9642610675E+03

CP# 4      Coords = -8.30608593175282E+00 -3.45295358200119E+00  9.51973852476610E-01
           Type = (3,-3) NACP N4
           Rho =  1.9624092434E+02     Rho at Nucleus =  1.9624090403E+02
           GradRho =  7.2728117631E-11 -9.7354944391E-11  2.7027166239E-11
           HessRho_EigVals = -4.9166210369E+05 -4.9166170549E+05 -4.9165192881E+05
           HessRho_EigVec1 =  1.3605374334E-01  2.5598301890E-01  9.5705907496E-01
           HessRho_EigVec2 =  9.8038601320E-01  1.0425500536E-01 -1.6725477268E-01
           HessRho_EigVec3 = -1.4259258063E-01  9.6104296881E-01 -2.3677788761E-01
           DelSqRho = -1.4749757380E+06
           Bond Ellipticity = NA
           V = -3.6877823228E+05
           G =  1.7148887711E+01
           K =  3.6876108339E+05
           L =  3.6874393450E+05
           Vnuc =  7.6997700307E+05
           Ven = -1.5110099881E+08
           Vrep =  1.5073222057E+08
           DelSqV =  2.4503190520E+10
           DelSqVen =  1.1356973985E+12
           DelSqVrep = -1.1111942080E+12
           DelSqG =  9.2393342020E+08
           DelSqK = -2.5427123940E+10
           Stress_EigVals = -1.2292751702E+05 -1.2292558168E+05 -1.2292513357E+05
           Stress_EigVec1 = -1.7175284938E-01  9.5669830372E-01 -2.3500917937E-01
           Stress_EigVec2 =  9.8344998521E-01  1.5254049220E-01 -9.7762594228E-02
           Stress_EigVec3 =  5.7680892173E-02  2.4791077810E-01  9.6706419683E-01
           -DivStress =  5.5469585621E+03 -7.0505878093E+04  1.7157169847E+04

CP# 5      Coords = -6.42591528277538E+00 -1.73004821339047E+00  4.59840322494771E-01
           Type = (3,-3) NACP C5
           Rho =  1.2079497707E+02     Rho at Nucleus =  1.2079497707E+02
           GradRho = -4.9213185088E-11 -2.7700192278E-11 -1.7698750451E-12
           HessRho_EigVals = -2.2257254358E+05 -2.2257224451E+05 -2.2257177828E+05
           HessRho_EigVec1 =  3.3802148793E-01  9.1869408246E-01 -2.0431019687E-01
           HessRho_EigVec2 =  9.3782017249E-01 -3.4701051358E-01 -8.7765333806E-03
           HessRho_EigVec3 =  7.8960735627E-02  1.8863956720E-01  9.7886685301E-01
           DelSqRho = -6.6771656637E+05
           Bond Ellipticity = NA
           V = -1.6694021220E+05
           G =  5.5353055796E+00
           K =  1.6693467690E+05
           L =  1.6692914159E+05
           Vnuc =  2.5388585313E+07
           Ven = -3.0668135808E+09
           Vrep =  3.0666466406E+09
           DelSqV =  8.1726586048E+09
           DelSqVen =  1.6952336581E+13
           DelSqVrep = -1.6944163922E+13
           DelSqG =  3.0759918939E+08
           DelSqK = -8.4802577942E+09
           Stress_EigVals = -5.5646847630E+04 -5.5646715633E+04 -5.5646648940E+04
           Stress_EigVec1 =  9.8961030255E-01 -1.4236868070E-01  2.0065089958E-02
           Stress_EigVec2 =  1.3976532775E-01  9.1986077450E-01 -3.6649939795E-01
           Stress_EigVec3 =  3.3720946574E-02  3.6549598397E-01  9.3020190468E-01
           -DivStress = -4.4537725291E+02  4.4381986436E+02 -9.3507608531E+01

CP# 6      Coords = -3.71505228336533E+00 -2.03406392966367E+00  4.13010307980436E-01
           Type = (3,-3) NACP C6
           Rho =  1.2080255988E+02     Rho at Nucleus =  1.2080255825E+02
           GradRho =  9.8627033325E-12  2.8024405862E-11 -1.9532358315E-12
           HessRho_EigVals = -2.2250471720E+05 -2.2250304006E+05 -2.2250121342E+05
           HessRho_EigVec1 =  3.9492175271E-02  1.9044385176E-01  9.8090341391E-01
           HessRho_EigVec2 =  5.2006067092E-01  8.3431215026E-01 -1.8292111546E-01
           HessRho_EigVec3 =  8.5321583826E-01 -5.1735324030E-01  6.6093555652E-02
           DelSqRho = -6.6750897068E+05
           Bond Ellipticity = NA
           V = -1.6688722833E+05
           G =  4.9928279412E+00
           K =  1.6688223550E+05
           L =  1.6687724267E+05
           Vnuc =  1.5657266838E+06
           Ven = -1.8914379148E+08
           Vrep =  1.8897690425E+08
           DelSqV =  8.1698241943E+09
           DelSqVen =  1.0451365990E+12
           DelSqVrep = -1.0369667748E+12
           DelSqG =  3.0738523018E+08
           DelSqK = -8.4772094245E+09
           Stress_EigVals = -5.5629740340E+04 -5.5629043173E+04 -5.5628444812E+04
           Stress_EigVec1 =  8.1902329222E-01 -5.6842871275E-01  7.8036179601E-02
           Stress_EigVec2 =  5.7241023249E-01  8.0017880262E-01 -1.7905420846E-01
           Stress_EigVec3 =  3.9336656474E-02  1.9131827501E-01  9.8073948891E-01
           -DivStress = -5.0790629132E+03 -8.6871675645E+03  1.8050978986E+03

CP# 7      Coords = -2.45963703015703E+00 -3.93370049534014E+00  7.27088021499794E-01
           Type = (3,-3) NACP O7
           Rho =  2.9766042886E+02     Rho at Nucleus =  2.9766040284E+02
           GradRho = -1.7571330350E-10 -7.5855788976E-11 -2.4967648608E-11
           HessRho_EigVals = -9.6934978994E+05 -9.6934920071E+05 -9.6932814098E+05
           HessRho_EigVec1 = -3.4619236193E-01  6.9488914703E-01  6.3030145318E-01
           HessRho_EigVec2 = -4.3932564995E-01  4.7355115051E-01 -7.6337558328E-01
           HessRho_EigVec3 =  8.2894138625E-01  5.4118239179E-01 -1.4134283487E-01
           DelSqRho = -2.9080271316E+06
           Bond Ellipticity = NA
           V = -7.2710379438E+05
           G =  4.8505734625E+01
           K =  7.2705528864E+05
           L =  7.2700678291E+05
           Vnuc =  1.0917868346E+06
           Ven = -3.2498173741E+08
           Vrep =  3.2425463362E+08
           DelSqV =  6.2567974411E+10
           DelSqVen =  3.1749457408E+12
           DelSqVrep = -3.1123777664E+12
           DelSqG =  2.3678455159E+09
           DelSqK = -6.4935819927E+10
           Stress_EigVals = -2.4237151084E+05 -2.4236620710E+05 -2.4236607643E+05
           Stress_EigVec1 =  8.3435507864E-01  5.3302884817E-01 -1.4047010276E-01
           Stress_EigVec2 = -3.8063921831E-01  3.7280575312E-01 -8.4624444218E-01
           Stress_EigVec3 = -3.9870463784E-01  7.5953677821E-01  5.1394405757E-01
           -DivStress =  7.1746917317E+04 -1.2945079718E+05  2.2795396751E+04

CP# 8      Coords = -2.43129067150855E+00  3.20410457508198E-01 -8.78406780763659E-02
           Type = (3,-3) NACP N8
           Rho =  1.9577205388E+02     Rho at Nucleus =  1.9577205081E+02
           GradRho =  9.4305133743E-11  1.4067170822E-14  1.1203687920E-12
           HessRho_EigVals = -4.9052584999E+05 -4.9052151951E+05 -4.9051827444E+05
           HessRho_EigVec1 = -1.2605891439E-01  9.6071929128E-01 -2.4723995118E-01
           HessRho_EigVec2 =  9.8250069537E-01  1.5535792495E-01  1.0274385022E-01
           HessRho_EigVec3 = -1.3711868475E-01  2.2996164574E-01  9.6349162310E-01
           DelSqRho = -1.4715656439E+06
           Bond Ellipticity = NA
           V = -3.6792814549E+05
           G =  1.8367252679E+01
           K =  3.6790977824E+05
           L =  3.6789141099E+05
           Vnuc =  1.9793269503E+06
           Ven = -3.8749690236E+08
           Vrep =  3.8712897422E+08
           DelSqV =  2.4447391228E+10
           DelSqVen =  2.9127095296E+12
           DelSqVrep = -2.8882621384E+12
           DelSqG =  9.2187597337E+08
           DelSqK = -2.5369267201E+10
           Stress_EigVals = -1.2264337809E+05 -1.2264285543E+05 -1.2264191197E+05
           Stress_EigVec1 = -1.6694440494E-01  2.2359782107E-01  9.6027786607E-01
           Stress_EigVec2 =  9.7584786864E-01  1.7664531569E-01  1.2851991950E-01
           Stress_EigVec3 = -1.4089181283E-01  9.5854079040E-01 -2.4768740424E-01
           -DivStress =  2.4291425263E+04 -1.3767224381E+04  4.3022556744E+03

CP# 9      Coords = -3.51711764749722E+00  2.51088929301200E+00 -6.84492937600425E-01
           Type = (3,-3) NACP C9
           Rho =  1.2069075557E+02     Rho at Nucleus =  1.2069075540E+02
           GradRho = -1.1581546377E-09  8.9462392797E-10 -1.4435550958E-10
           HessRho_EigVals = -2.2227322263E+05 -2.2227087211E+05 -2.2227035246E+05
           HessRho_EigVec1 =  1.3671097026E-02  2.7562030110E-01  9.6116936631E-01
           HessRho_EigVec2 =  9.8546660659E-01  1.5905996965E-01 -5.9627957708E-02
           HessRho_EigVec3 = -1.6931824590E-01  9.4801549337E-01 -2.6944007856E-01
           DelSqRho = -6.6681444720E+05
           Bond Ellipticity = NA
           V = -1.6671373622E+05
           G =  5.0622110121E+00
           K =  1.6670867401E+05
           L =  1.6670361180E+05
           Vnuc =  4.9846669745E+06
           Ven = -6.0160322339E+08
           Vrep =  6.0143650966E+08
           DelSqV =  8.1613208912E+09
           DelSqVen =  3.3238478356E+12
           DelSqVrep = -3.3156865148E+12
           DelSqG =  3.0703069121E+08
           DelSqK = -8.4683515824E+09
           Stress_EigVals = -5.5571657416E+04 -5.5571481401E+04 -5.5570597405E+04
           Stress_EigVec1 = -1.3031767245E-01  9.5383870207E-01 -2.7057168121E-01
           Stress_EigVec2 =  9.9135966909E-01  1.2124376366E-01 -5.0059527339E-02
           Stress_EigVec3 =  1.4943585613E-02  2.7475749343E-01  9.6139742513E-01
           -DivStress =  2.5212679353E+03 -1.9508262448E+03  3.1123801737E+02

CP# 10     Coords = -2.09444308569838E+00  4.52942684105130E+00 -1.28257777955156E+00
           Type = (3,-3) NACP N10
           Rho =  1.9552459668E+02     Rho at Nucleus =  1.9552459614E+02
           GradRho = -5.8323623646E-09 -5.7403286970E-09  7.7609367695E-10
           HessRho_EigVals = -4.8988774137E+05 -4.8988596651E+05 -4.8987659699E+05
           HessRho_EigVec1 =  4.9342208776E-01  8.3167289279E-01 -2.5466613970E-01
           HessRho_EigVec2 =  8.6232371530E-01 -5.0602972021E-01  1.8213519420E-02
           HessRho_EigVec3 =  1.1372094504E-01  2.2859160453E-01  9.6685749984E-01
           DelSqRho = -1.4696503049E+06
           Bond Ellipticity = NA
           V = -3.6744983518E+05
           G =  1.8629480367E+01
           K =  3.6743120570E+05
           L =  3.6741257622E+05
           Vnuc =  4.7529139714E+06
           Ven = -9.2931158729E+08
           Vrep =  9.2894413746E+08
           DelSqV =  2.4415822924E+10
           DelSqVen =  6.9851211366E+12
           DelSqVrep = -6.9607053137E+12
           DelSqG =  9.2064217486E+08
           DelSqK = -2.5336465099E+10
           Stress_EigVals = -1.2248470164E+05 -1.2248275781E+05 -1.2248237573E+05
           Stress_EigVec1 =  1.1452381743E-01  2.2809366586E-01  9.6688033119E-01
           Stress_EigVec2 =  8.6242340722E-01 -5.0589551154E-01  1.7192966280E-02
           Stress_EigVec3 =  4.9306202645E-01  8.3189122546E-01 -2.5465040168E-01
           -DivStress =  8.2581195509E+03  8.2902329806E+03 -1.0396045523E+03

CP# 11     Coords = -6.08036517425969E+00  2.72776037207356E+00 -6.89268474951868E-01
           Type = (3,-3) NACP N11
           Rho =  1.9555022287E+02     Rho at Nucleus =  1.9555022262E+02
           GradRho =  1.4227151855E-09 -1.8956187094E-09 -8.0279272420E-10
           HessRho_EigVals = -4.8997949035E+05 -4.8997843988E+05 -4.8996884460E+05
           HessRho_EigVec1 =  9.9088796348E-01  1.2971454319E-01 -3.6265425881E-02
           HessRho_EigVec2 = -1.3453288912E-01  9.4024274150E-01 -3.1280103708E-01
           HessRho_EigVec3 = -6.4765401825E-03  3.1482967513E-01  9.4912608756E-01
           DelSqRho = -1.4699267748E+06
           Bond Ellipticity = NA
           V = -3.6751897715E+05
           G =  1.8641719869E+01
           K =  3.6750033543E+05
           L =  3.6748169371E+05
           Vnuc =  6.9741699141E+06
           Ven = -1.3638004810E+09
           Vrep =  1.3634329621E+09
           DelSqV =  2.4420506180E+10
           DelSqVen =  1.0251519001E+13
           DelSqVrep = -1.0227098494E+13
           DelSqG =  9.2086886320E+08
           DelSqK = -2.5341375043E+10
           Stress_EigVals = -1.2250771477E+05 -1.2250574810E+05 -1.2250551427E+05
           Stress_EigVec1 = -5.7441039564E-03  3.1499249011E-01  9.4907678111E-01
           Stress_EigVec2 = -1.3639333053E-01  9.3997585956E-01 -3.1279744697E-01
           Stress_EigVec3 =  9.9063810984E-01  1.3124448415E-01 -3.7563555763E-02
           -DivStress = -5.0029307166E+03  5.7411605865E+03  2.5273557461E+03

CP# 12     Coords = -7.48214492775018E+00  5.98437472367367E-01 -8.62236916718224E-02
           Type = (3,-3) NACP C12
           Rho =  1.2077542202E+02     Rho at Nucleus =  1.2077541932E+02
           GradRho = -2.8322046126E-11  3.6395056026E-12 -8.3138917707E-13
           HessRho_EigVals = -2.2250380164E+05 -2.2250345921E+05 -2.2250208269E+05
           HessRho_EigVec1 = -7.8675998770E-01 -5.9506912607E-01  1.6401663619E-01
           HessRho_EigVec2 =  6.0336572888E-03  2.5829093093E-01  9.6604833729E-01
           HessRho_EigVec3 = -6.1722954946E-01  7.6103779814E-01 -1.9962252648E-01
           DelSqRho = -6.6750934354E+05
           Bond Ellipticity = NA
           V = -1.6688809257E+05
           G =  5.3783428457E+00
           K =  1.6688271423E+05
           L =  1.6687733588E+05
           Vnuc =  1.2176226379E+06
           Ven = -1.4705888795E+08
           Vrep =  1.4689199986E+08
           DelSqV =  8.1700191825E+09
           DelSqVen =  8.1277448806E+11
           DelSqVrep = -8.0460446888E+11
           DelSqG =  3.0745670907E+08
           DelSqK = -8.4774758916E+09
           Stress_EigVals = -5.5629708482E+04 -5.5629292869E+04 -5.5629091218E+04
           Stress_EigVec1 = -6.1589139565E-01  7.6481640983E-01 -1.8903345740E-01
           Stress_EigVec2 =  7.8718267140E-01  5.8767475556E-01 -1.8703428435E-01
           Stress_EigVec3 =  3.1956699001E-02  2.6399666840E-01  9.6399405001E-01
           -DivStress =  2.8558709132E+03 -1.2467826194E+04  3.0894631114E+03

CP# 13     Coords =  1.21368088925782E+01  2.50933057307509E+00  8.68505743055969E-01
           Type = (3,-3) NACP C13
           Rho =  1.2062066073E+02     Rho at Nucleus =  1.2062065907E+02
           GradRho =  1.3533846952E-10  3.8166030120E-11  9.1957778477E-12
           HessRho_EigVals = -2.2219912352E+05 -2.2219703067E+05 -2.2219701832E+05
           HessRho_EigVec1 =  7.0605627369E-01  6.6604141976E-01  2.4056883745E-01
           HessRho_EigVec2 = -4.3149031276E-01  6.7399316829E-01 -5.9962431496E-01
           HessRho_EigVec3 = -5.6151638300E-01  3.1956538652E-01  7.6326752542E-01
           DelSqRho = -6.6659317251E+05
           Bond Ellipticity = NA
           V = -1.6665883920E+05
           G =  5.2730381273E+00
           K =  1.6665356616E+05
           L =  1.6664829313E+05
           Vnuc =  1.5526800595E+06
           Ven = -1.8728529468E+08
           Vrep =  1.8711863584E+08
           DelSqV =  8.1588352761E+09
           DelSqVen =  1.0350059090E+12
           DelSqVrep = -1.0268470737E+12
           DelSqG =  3.0700589877E+08
           DelSqK = -8.4658411748E+09
           Stress_EigVals = -5.5553142727E+04 -5.5553137093E+04 -5.5552559383E+04
           Stress_EigVec1 = -6.6714567913E-01  5.1001424780E-01  5.4295682136E-01
           Stress_EigVec2 =  2.3873958655E-01 -5.4404029698E-01  8.0437775024E-01
           Stress_EigVec3 =  7.0563450357E-01  6.6626242750E-01  2.4119354275E-01
           -DivStress =  6.6888801820E+03  7.3247227546E+03  2.7968962519E+03

CP# 14     Coords =  1.02496095711565E+01  6.18992969893469E-01  1.77093821771125E-01
           Type = (3,-3) NACP N14
           Rho =  1.9568177484E+02     Rho at Nucleus =  1.9568177479E+02
           GradRho = -4.5573178665E-10 -1.9399599548E-11  1.8361599567E-11
           HessRho_EigVals = -4.9028228854E+05 -4.9028203732E+05 -4.9027511351E+05
           HessRho_EigVec1 =  9.0677588184E-01 -3.8026981634E-01 -1.8207791434E-01
           HessRho_EigVec2 =  4.2043335495E-01  8.4785221207E-01  3.2308268375E-01
           HessRho_EigVec3 =  3.1516569631E-02 -3.6951521386E-01  9.2869005194E-01
           DelSqRho = -1.4708394394E+06
           Bond Ellipticity = NA
           V = -3.6774653253E+05
           G =  1.8336343947E+01
           K =  3.6772819619E+05
           L =  3.6770985984E+05
           Vnuc =  1.6168256501E+07
           Ven = -3.1638331282E+09
           Vrep =  3.1634653817E+09
           DelSqV =  2.4435371449E+10
           DelSqVen =  2.3780919345E+13
           DelSqVrep = -2.3756483974E+13
           DelSqG =  9.2139102215E+08
           DelSqK = -2.5356762471E+10
           Stress_EigVals = -1.2258308237E+05 -1.2258178539E+05 -1.2258166477E+05
           Stress_EigVec1 =  2.9920577384E-02 -3.6970300647E-01  9.2866810328E-01
           Stress_EigVec2 =  5.3040687763E-01  7.9335903667E-01  2.9874735663E-01
           Stress_EigVec3 =  8.4721502773E-01 -4.8363325562E-01 -2.1983077776E-01
           -DivStress =  3.4164559261E+03  4.2974656704E+02 -2.1225732709E+02

CP# 15     Coords =  1.06650393784482E+01 -1.77581306503970E+00 -7.78562515419636E-01
           Type = (3,-3) NACP C15
           Rho =  1.2080039310E+02     Rho at Nucleus =  1.2080039243E+02
           GradRho =  9.4434942884E-11 -4.6476720042E-12  7.1319395702E-12
           HessRho_EigVals = -2.2250955226E+05 -2.2250890533E+05 -2.2250751366E+05
           HessRho_EigVec1 =  4.4596188320E-02 -3.6720539161E-01  9.2907016977E-01
           HessRho_EigVec2 = -1.2497763030E-02  9.2971757860E-01  3.6806117692E-01
           HessRho_EigVec3 =  9.9892691720E-01  2.8025424379E-02 -3.6872614252E-02
           DelSqRho = -6.6752597125E+05
           Bond Ellipticity = NA
           V = -1.6689189572E+05
           G =  5.2014554701E+00
           K =  1.6688669427E+05
           L =  1.6688149281E+05
           Vnuc =  2.4358665649E+06
           Ven = -2.9425363859E+08
           Vrep =  2.9408674669E+08
           DelSqV =  8.1700690269E+09
           DelSqVen =  1.6260042138E+12
           DelSqVrep = -1.6178341447E+12
           DelSqG =  3.0740727650E+08
           DelSqK = -8.4774763034E+09
           Stress_EigVals = -5.5631060557E+04 -5.5630610310E+04 -5.5630224856E+04
           Stress_EigVec1 =  9.9690280630E-01  7.6817505351E-02 -1.6848313532E-02
           Stress_EigVec2 = -6.5259635860E-02  9.2759097295E-01  3.6785345837E-01
           Stress_EigVec3 =  4.3885928549E-02 -3.6561463015E-01  9.2973112645E-01
           -DivStress =  1.1352095115E+03 -6.0464310494E+03 -2.3272437633E+03

CP# 16     Coords =  8.58620554711975E+00 -3.07350487606784E+00 -1.18908252556345E+00
           Type = (3,-3) NACP N16
           Rho =  1.9618745623E+02     Rho at Nucleus =  1.9618743785E+02
           GradRho = -3.7393754629E-10  6.6514707804E-11  4.3711879602E-11
           HessRho_EigVals = -4.9153641014E+05 -4.9153585662E+05 -4.9152724280E+05
           HessRho_EigVec1 =  9.9466623082E-01 -9.7855731141E-02 -3.2608973503E-02
           HessRho_EigVec2 = -5.0321786265E-03 -3.6180537845E-01  9.3224006849E-01
