AIMSum (Version 11.12.19, Professional)
Copyright (c) 1997-2011 by Todd A. Keith
AIMSum is a component of the AIMAll package ( http://aim.tkgristmill.com )

Much of the Quantum Theory of Atoms in Molecules (QTAIM) is described in the book:
  "Atoms in Molecules - A Quantum Theory"
  R.F.W. Bader, Oxford University Press, Oxford, 1990

For additional references see:  http://aim.tkgristmill.com/references.html

Wfx File:  /home4/vemuri/FCHK/CHK-N3Prot/chk-Mp2-Spe-GUWHT-N3-fopt-24.wfx
Sum File:  /home4/vemuri/FCHK/CHK-N3Prot/chk-Mp2-Spe-GUWHT-N3-fopt-24.sum

SumViz File:  /home4/vemuri/FCHK/CHK-N3Prot/chk-Mp2-Spe-GUWHT-N3-fopt-24.sumviz

Wfx Title:  CHK-Mp2-Spe-FOPT-GUWHT-N3Prot-step24                                           
 
Total memory allocated for AIMSum =       22.872 Megabytes

Atomic units (a.u.) used throughout, except where stated otherwise

Restricted, closed-shell, single-determinant wavefunction.
  Number of electrons (from MO Occs)                   =         152.0000000000
  Number of Alpha electrons (from MO Occs)             =          76.0000000000
  Number of Beta electrons (from MO Occs)              =          76.0000000000
  Number of electron pairs (N*(N-1)/2)                 =       11476.0000000000
  Number of electron pairs (from Muller 2EDM)          =       11476.0000000000
 
Nuclear Charges and Cartesian Coordinates:
-------------------------------------------------------------------------------
Atom      Charge                X                  Y                  Z
-------------------------------------------------------------------------------
C1         6.0           1.2062605700E+01  -2.5465325400E+00  -8.4988271400E-05
N2         7.0           9.5230839600E+00  -1.4083127000E+00  -3.2876294300E-04
C3         6.0           9.4178602300E+00   1.2332636500E+00   5.6741188600E-05
O4         8.0           1.1283613300E+01   2.5706965400E+00   2.7216996800E-04
N5         7.0           6.9662958400E+00   2.2118772200E+00   1.9280147000E-04
C6         6.0           4.7278509800E+00   8.7382828300E-01   5.2961736300E-05
O7         8.0           2.6693156100E+00   2.0534633600E+00   1.4555831700E-04
C8         6.0           5.0024735500E+00  -1.8232738900E+00  -8.6877997500E-05
C9         6.0           7.3716194200E+00  -2.8332531400E+00  -2.2860745700E-04
C10        6.0          -1.1776128900E+01   1.6610182400E+00   3.6098709600E-04
N11        7.0          -9.7003327600E+00  -1.6087617300E-01  -2.6073280200E-04
C12        6.0          -9.8879693300E+00  -2.7892225500E+00  -1.7191567300E-04
N13        7.0          -7.6940785500E+00  -3.9218677000E+00  -1.1288952200E-05
C14        6.0          -5.9464031300E+00  -2.0018133500E+00   6.4300093100E-05
C15        6.0          -3.2137363100E+00  -2.0996936000E+00   2.0413982700E-04
O16        8.0          -1.7833043300E+00  -3.8859515500E+00   2.0602955300E-04
N17        7.0          -2.1561076200E+00   4.2382022600E-01   2.8161859800E-04
C18        6.0          -3.3842671000E+00   2.6315362400E+00  -1.0010608000E-04
N19        7.0          -2.0742995000E+00   4.7935870300E+00  -4.1380061800E-04
N20        7.0          -5.9529945100E+00   2.6321390600E+00  -7.5539640700E-05
C21        6.0          -7.1735100300E+00   3.0911195000E-01  -9.4436902000E-05
H22        1.0           1.3100322300E+01  -1.9400079300E+00  -1.6761208900E+00
H23        1.0           3.3385564600E+00  -3.0137049800E+00  -3.0186213500E-05
H24        1.0           7.6625786700E+00  -4.8617966600E+00  -3.5899856100E-04
H25        1.0          -1.1714503000E+01  -3.7060496500E+00  -3.2309376400E-04
H26        1.0          -1.5097214500E-01   4.6958390600E+00  -3.6844719100E-04
H27        1.0           1.1859983600E+01  -4.5953944000E+00   1.0020489000E-04
H28        1.0           1.3100144700E+01  -1.9396488800E+00   1.6759301300E+00
H29        1.0          -1.8655567900E-01   5.6433270600E-01   3.8744326200E-04
H30        1.0          -2.9192527500E+00   6.5018163100E+00  -3.2498349000E-04
H31        1.0          -1.1715990200E+01   2.8400353800E+00  -1.6969267700E+00
H32        1.0          -1.3552320300E+01   6.1736784300E-01   1.4060056500E-03
H33        1.0          -1.1714351900E+01   2.8406023000E+00   1.6971895500E+00
H34        1.0           6.8709440300E+00   4.1269956000E+00   4.2145833200E-04
H35        1.0          -6.9189185700E+00   4.2815619500E+00  -1.4947239700E-03
 
Some Atomic Properties:
----------------------
  q(A) = Net Charge of Atom A
  L(A) = Lagrangian of Atom A = -(1/4) Times Atomic Integral of the Laplacian of the Electron Density
  K(A) = Electronic Kinetic Energy of Atom A (Hamiltonian Form)
  K_Scaled(A) = K(A) * E(Mol)/K(Mol) = Approximation to Virial-Based Total Energy of Atom A.
  |Mu_Intra(A)| = Magnitude of Intraatomic Dipole Moment of Atom A
--------------------------------------------------------------------------------------------------
Atom A          q(A)              L(A)              K(A)          K_Scaled(A)      |Mu_Intra(A)|
--------------------------------------------------------------------------------------------------
C1        6.2830564010E-01 -5.2462083084E-04  3.7387779534E+01 -3.7452158956E+01  5.2345596107E-01
N2       -1.5308296726E+00 -5.1179341668E-04  5.5332585121E+01 -5.5427864377E+01  1.9477073856E-01
C3        2.2547510225E+00 -1.7053302187E-03  3.6331836559E+01 -3.6394397713E+01  2.2165203754E-01
O4       -1.3405610011E+00  7.6373663647E-05  7.5537884022E+01 -7.5667955542E+01  6.5957350703E-01
N5       -1.5129889479E+00  2.3653478449E-04  5.5311065708E+01 -5.5406307909E+01  1.6436724273E-01
C6        1.5921710430E+00 -3.7228963923E-03  3.6769986806E+01 -3.6833302428E+01  9.2216458006E-01
O7       -1.3941554445E+00  3.0002438059E-05  7.5495731112E+01 -7.5625730047E+01  4.6523812431E-01
C8        7.0657736500E-02  1.7807531363E-04  3.7772214507E+01 -3.7837255902E+01  2.1695295911E-01
C9        6.2767369240E-01  1.1709565624E-04  3.7433768156E+01 -3.7498226768E+01  8.0823291284E-01
C10       6.3514887710E-01  1.6054604630E-04  3.7371699407E+01 -3.7436051140E+01  5.2468296566E-01
N11      -1.5408605106E+00  6.7260812422E-04  5.5343566316E+01 -5.5438864481E+01  1.4254383396E-01
C12       1.3489909330E+00  1.0572496015E-03  3.6944572415E+01 -3.7008188662E+01  7.9666812783E-01
N13      -1.3629135224E+00  9.8884529910E-06  5.5094153208E+01 -5.5189021900E+01  3.2149564463E-01
C14       6.1055570130E-01 -3.5016095792E-04  3.7532935747E+01 -3.7597565119E+01  5.2134512157E-01
C15       1.6611549923E+00 -3.6837249867E-03  3.6705806146E+01 -3.6769011253E+01  8.4072396263E-01
O16      -1.3074666768E+00  7.1741823386E-05  7.5518192040E+01 -7.5648229652E+01  6.7382398350E-01
N17      -1.5051807461E+00  2.6101602103E-04  5.5287159306E+01 -5.5382360342E+01  6.9544150813E-02
C18       2.0423977527E+00  2.1573869947E-03  3.6545005423E+01 -3.6607933641E+01  3.1991630009E-02
N19      -1.4532791097E+00  4.0703546606E-05  5.5141865417E+01 -5.5236816266E+01  1.2248174019E-01
N20      -1.5349915232E+00  3.3626826158E-04  5.5295759462E+01 -5.5390975308E+01  1.2814947295E-01
C21       1.0490143932E+00 -1.5029610046E-03  3.7228898392E+01 -3.7293004230E+01  8.8756104801E-01
H22       9.1636358300E-03  4.1341509940E-05  6.1759656583E-01 -6.1866002855E-01  1.0016451164E-01
H23       6.6667450820E-02  4.0479684082E-05  5.8544974717E-01 -5.8645785508E-01  9.1456319830E-02
H24       7.0160535650E-02  3.7113150209E-05  5.9309012096E-01 -5.9411138512E-01  9.7214078498E-02
H25       8.0439381390E-02  3.0797134083E-05  5.8300964539E-01 -5.8401355160E-01  1.0128177402E-01
H26       5.8755262296E-01  5.7431050703E-05  3.4310286375E-01 -3.4369366546E-01  1.2543002040E-01
H27      -3.1359587600E-02  5.3070540042E-05  6.3616490836E-01 -6.3726034461E-01  9.2802006442E-02
H28       9.1817207200E-03  4.1329686072E-05  6.1758952757E-01 -6.1865297817E-01  1.0016617061E-01
H29       6.2641894307E-01  2.4189566170E-04  3.2205710996E-01 -3.2261167219E-01  9.8538229160E-02
H30       5.1693760955E-01  1.5927089471E-05  3.8245126408E-01 -3.8310982127E-01  1.5811358300E-01
H31      -2.0965229200E-02  2.7570739475E-05  6.2854404285E-01 -6.2962635645E-01  9.7174309022E-02
H32       2.0057210170E-02  4.2072127658E-05  6.1112674893E-01 -6.1217907104E-01  9.7104944832E-02
H33      -2.0967027900E-02  2.7626978343E-05  6.2854592912E-01 -6.2962824597E-01  9.7171931830E-02
H34       5.2339063287E-01  3.2294139726E-05  3.7879445920E-01 -3.7944671961E-01  1.5713273147E-01
H35       5.2199490786E-01  3.3351651548E-05  3.8120631639E-01 -3.8186272986E-01  1.5544018675E-01
--------------------------------------------------------------------------------------------------
Total     9.9626743539E-01 -5.8736959363E-03  1.0286911941E+03 -1.0304625361E+03
 
Note.  Potentially significant integration error for the following atom:  C6      
Note.  Potentially significant integration error for the following atom:  C15     
Note.  Potentially significant integration error for the following atom:  C18     
 
Molecular charge q(Mol) from the wfx file:   1.0000000000E+00
Molecular energy E(Mol) from the wfx file:  -1.0304634033E+03
Molecular virial ratio (-V(Mol)/T(Mol)) from the wfx file:   2.0017219376E+00
Note.  K_Scaled(A) = (1+V(Mol)/T(Mol))*K(A) = E(Mol)/T(Mol)*K(A)
       Use K_Scaled(A) with caution.
 
Note.  Potentially significant cumulative integration error.
 
Some Information About the Atomic Calculations:
----------------------------------------------
  Time(sec) = "Elapsed User Time", in Seconds, for Atom A by AIMInt
  NProc = Number of Processors Used for AIMInt Job
  BIM = Basin Integration Method
  OAQ = Angular Quadrature Outside of Beta Sphere
  ORQ = Multiple of Default for Radial Quadrature Outside of Beta Sphere
  IAQ = Multiple of Default for Angular Quadrature Inside of Beta Sphere
  IRQ = Multiple of Default for Radial Quadrature Inside of Beta Sphere
  MIR = Maximum Integration Radius
------------------------------------------------------------------------------------------------------
Atom A     Time(sec)   NProc      BIM              OAQ                 ORQ      IAQ      IRQ      MIR
------------------------------------------------------------------------------------------------------
C1            458        1     Proaim(5)    120*80    (High)           1.00     1.00     1.00    10.00
N2            246        1     Proaim(5)    120*80    (High)           1.00     1.00     1.00    10.00
C3            180        1     Proaim(5)    120*80    (High)           1.00     1.00     1.00    10.00
O4            129        1     Proaim(5)    96*64     (High)           1.00     1.00     1.00    10.00
N5            401        1     Proaim(5)    120*80    (High)           1.00     1.00     1.00    10.00
C6            301        1     Proaim(5)    120*80    (High)           1.00     1.00     1.00    10.00
O7            512        1     Proaim(5)    120*80    (High)           1.00     1.00     1.00    10.00
C8            303        1     Proaim(5)    120*80    (High)           1.00     1.00     1.00    10.00
C9            233        1     Proaim(5)    120*80    (High)           1.00     1.00     1.00    10.00
C10           131        1     Proaim(5)    120*80    (High)           1.00     1.00     1.00    10.00
N11           223        1     Proaim(5)    120*80    (High)           1.00     1.00     1.00    10.00
C12           205        1     Proaim(5)    120*80    (High)           1.00     1.00     1.00    10.00
N13           276        1     Proaim(5)    120*80    (High)           1.00     1.00     1.00    10.00
C14           247        1     Proaim(5)    120*80    (High)           1.00     1.00     1.00    10.00
C15           216        1     Proaim(5)    120*80    (High)           1.00     1.00     1.00    10.00
O16           235        1     Proaim(5)    120*80    (High)           1.00     1.00     1.00    10.00
N17           278        1     Proaim(5)    120*80    (High)           1.00     1.00     1.00    10.00
C18           174        1     Proaim(5)    120*80    (High)           1.00     1.00     1.00    10.00
N19           387        1     Proaim(5)    120*80    (High)           1.00     1.00     1.00    10.00
N20           235        1     Proaim(5)    120*80    (High)           1.00     1.00     1.00    10.00
C21           251        1     Proaim(5)    120*80    (High)           1.00     1.00     1.00    10.00
H22           144        1     Proaim(5)    72*48     (High)           1.00     1.00     1.00    10.00
H23           127        1     Proaim(5)    120*80    (High)           1.00     1.00     1.00    10.00
H24            76        1     Proaim(5)    72*48     (High)           1.00     1.00     1.00    10.00
H25            51        1     Proaim(5)    72*48     (High)           1.00     1.00     1.00    10.00
H26           383        1     Proaim(5)    120*80    (High)           1.00     1.00     1.00    10.00
H27           123        1     Proaim(5)    72*48     (High)           1.00     1.00     1.00    10.00
H28           128        1     Proaim(5)    72*48     (High)           1.00     1.00     1.00    10.00
H29            82        1     Proaim(5)    120*80    (High)           1.00     1.00     1.00    10.00
H30            32        1     Proaim(5)    72*48     (High)           1.00     1.00     1.00    10.00
H31            50        1     Proaim(5)    72*48     (High)           1.00     1.00     1.00    10.00
H32            40        1     Proaim(5)    72*48     (High)           1.00     1.00     1.00    10.00
H33            50        1     Proaim(5)    72*48     (High)           1.00     1.00     1.00    10.00
H34           155        1     Proaim(5)    72*48     (High)           1.00     1.00     1.00    10.00
H35            33        1     Proaim(5)    72*48     (High)           1.00     1.00     1.00    10.00
------------------------------------------------------------------------------------------------------
Total        7095
Note:  Total wall clock time is less than Total of atomic times if more than one atom
       was calculated at a time
 
Electron Density Critical Point Analysis of Molecular Structure:               
---------------------------------------------------------------                
  NACP = Nuclear Attractor Critical Point                                      
  NNACP = Non-Nuclear Attractor Critical Point                                 
  BCP = Bond Critical Point                                                    
  RCP = Ring Critical Point                                                    
  CCP = Cage Critical Point                                                    
  Rho = Electron Density                                                       
  GradRho = Gradient of Electron Density                                       
  HessRho_EigVals = Eigenvalues of the Hessian of Rho, Ascending Order         
  HessRho_EigVecs = Eigenvectors of the Hessian of Rho                         
  DelSqRho = Laplacian of Rho = Trace of Hessian of Rho                        
  Bond Ellipticity = (HessRho_EigVal(1) / HessRho_EigVal(2)) - 1               
  V = Virial Field = Potential Energy Density = Trace of Stress Tensor         
  G = Lagrangian Form of Kinetic Energy Density                                
  K = Hamiltonian Form of Kinetic Energy Density                               
  L = K - G = Lagrangian Density = (-1/4)DelSqRho                              
  Vnuc = Electrostatic Potential from Nuclei                                   
  Ven = Electron-nuclear attractive contribution to Virial Field V             
  Vrep = V - Ven = Repulsive contribution to Virial Field V                    
  DelSqV = Laplacian of V                                                      
  DelSqVen = Laplacian of Ven                                                  
  DelSqVrep = Laplacian of Vrep                                                
  DelSqG = Laplacian of G                                                      
  DelSqK = Laplacian of K                                                      
  Stress_EigVals = Eigenvalues of Stress Tensor, Ascending Order               
  Stress_EigVecs = Eigenvectors of Stress Tensor                               
  -DivStress = Ehrenfest Force Density = Minus Divergence of Stress Tensor     
  BP = Bond Path                                                               
  BPL = Bond Path Length                                                       
  GBL = Geometric Bond Length                                                  
  GBL_I = Distance Between Nuclear Attractors                                  
  GBL_II = Distance Between Nuclei                                             
  GBL_III = Sum of Distances Between BCP and Nuclear Attractors                
  GBL_IV = Sum of Distances Between BCP and Nuclei                             

CP# 1      Coords =  1.20626019072802E+01 -2.54653128010166E+00 -8.49887510998173E-05
           Type = (3,-3) NACP C1
           Rho =  1.2063292771E+02     Rho at Nucleus =  1.2063292593E+02
           GradRho = -5.3276038343E-11  3.1045099818E-11  4.1433799814E-16
           HessRho_EigVals = -2.2221555961E+05 -2.2221327457E+05 -2.2221322702E+05
           HessRho_EigVec1 =  8.8669451830E-01 -4.6235572963E-01  1.0240876181E-04
           HessRho_EigVec2 =  4.6235568983E-01  8.8669429431E-01 -6.6672484392E-04
           HessRho_EigVec3 =  2.1745878689E-04  6.3853053803E-04  9.9999977250E-01
           DelSqRho = -6.6664206119E+05
           Bond Ellipticity = NA
           V = -1.6667104945E+05
           G =  5.2670745630E+00
           K =  1.6666578237E+05
           L =  1.6666051530E+05
           Vnuc =  1.5013278315E+06
           Ven = -1.8110957176E+08
           Vrep =  1.8094290071E+08
           DelSqV =  8.1594038426E+09
           DelSqVen =  1.0008482857E+12
           DelSqVrep = -9.9268888185E+11
           DelSqG =  3.0701970925E+08
           DelSqK = -8.4664235518E+09
           Stress_EigVals = -5.5557235706E+04 -5.5557225949E+04 -5.5556587793E+04
           Stress_EigVec1 =  3.8087421631E-04  9.6632033773E-04  9.9999946058E-01
           Stress_EigVec2 =  4.5938845687E-01  8.8823486647E-01 -1.0332891920E-03
           Stress_EigVec3 =  8.8823538583E-01 -4.5938860262E-01  1.0561065013E-04
           -DivStress =  1.0113174817E+04 -3.3631337411E+03  1.2791959985E+00

CP# 2      Coords =  9.52308307285583E+00 -1.40831232998274E+00 -3.28761273206015E-04
           Type = (3,-3) NACP N2
           Rho =  1.9563641884E+02     Rho at Nucleus =  1.9563641862E+02
           GradRho = -1.9039144458E-09  8.3557182822E-10  3.9596092493E-12
           HessRho_EigVals = -4.9016959920E+05 -4.9016876950E+05 -4.9016062098E+05
           HessRho_EigVec1 =  3.7857321544E-01  9.2557134655E-01  5.4669596503E-05
           HessRho_EigVec2 =  9.2557134801E-01 -3.7857321580E-01 -4.0354856901E-06
           HessRho_EigVec3 = -1.6961315031E-05 -5.2128338924E-05  9.9999999850E-01
           DelSqRho = -1.4704989897E+06
           Bond Ellipticity = NA
           V = -3.6766163588E+05
           G =  1.8444227753E+01
           K =  3.6764319165E+05
           L =  3.6762474742E+05
           Vnuc =  7.2824466578E+06
           Ven = -1.4247117845E+09
           Vrep =  1.4243441229E+09
           DelSqV =  2.4429774619E+10
           DelSqVen =  1.0708831175E+13
           DelSqVrep = -1.0684401400E+13
           DelSqG =  9.2117876340E+08
           DelSqK = -2.5350953383E+10
           Stress_EigVals = -1.2255504074E+05 -1.2255338344E+05 -1.2255321170E+05
           Stress_EigVec1 = -1.1593250715E-05 -5.2786931980E-05  9.9999999854E-01
           Stress_EigVec2 =  9.7727336953E-01 -2.1198292667E-01  1.3984685973E-07
           Stress_EigVec3 =  2.1198292635E-01  9.7727336811E-01  5.4044834100E-05
           -DivStress =  7.0758741297E+03 -2.9535382236E+03 -1.3326746760E+01

CP# 3      Coords =  9.41785741732063E+00  1.23326204982545E+00  5.67407379658163E-05
           Type = (3,-3) NACP C3
           Rho =  1.2068343091E+02     Rho at Nucleus =  1.2068342975E+02
           GradRho =  3.3549629630E-11 -1.4261381270E-11  4.4453330658E-16
           HessRho_EigVals = -2.2224435662E+05 -2.2224268449E+05 -2.2224139604E+05
           HessRho_EigVec1 = -1.6994850123E-05 -1.0645081691E-04  9.9999999419E-01
           HessRho_EigVec2 = -6.2491905665E-01  7.8068954610E-01  7.2484634647E-05
           HessRho_EigVec3 =  7.8068954928E-01  6.2491905179E-01  7.9790845909E-05
           DelSqRho = -6.6672843715E+05
           Bond Ellipticity = NA
           V = -1.6669213078E+05
           G =  5.0107456200E+00
           K =  1.6668712003E+05
           L =  1.6668210929E+05
           Vnuc =  1.8541603258E+06
           Ven = -2.2376642958E+08
           Vrep =  2.2359973745E+08
           DelSqV =  8.1602209939E+09
           DelSqVen =  1.2362214113E+12
           DelSqVrep = -1.2280611903E+12
           DelSqG =  3.0696958264E+08
           DelSqK = -8.4671905765E+09
           Stress_EigVals = -5.5564592656E+04 -5.5564088653E+04 -5.5563449470E+04
           Stress_EigVec1 =  7.8784341987E-01  6.1587558726E-01  8.2314877270E-05
           Stress_EigVec2 = -6.1587559264E-01  7.8784341534E-01  8.5400594869E-05
           Stress_EigVec3 = -1.2255092524E-05 -1.1797802054E-04  9.9999999297E-01
           -DivStress =  7.4792041945E+03  4.2526541530E+03  1.1985517671E+00

CP# 4      Coords =  1.12836070856051E+01  2.57069212676811E+00  2.72169252530962E-04
           Type = (3,-3) NACP O4
           Rho =  2.9766473896E+02     Rho at Nucleus =  2.9766471081E+02
           GradRho =  3.8489270973E-10  2.1177674063E-10 -1.7092271834E-14
           HessRho_EigVals = -9.6936812823E+05 -9.6936551988E+05 -9.6934717619E+05
           HessRho_EigVec1 =  8.1159079040E-01  5.8422629616E-01  1.5434138624E-04
           HessRho_EigVec2 = -5.6846745528E-05 -1.8521091727E-04  9.9999998123E-01
           HessRho_EigVec3 = -5.8422631378E-01  8.1159078394E-01  1.1710411115E-04
           DelSqRho = -2.9080808243E+06
           Bond Ellipticity = NA
           V = -7.2711720916E+05
           G =  4.8501543236E+01
           K =  7.2706870762E+05
           L =  7.2702020607E+05
           Vnuc =  1.0496059313E+06
           Ven = -3.1243067555E+08
           Vrep =  3.1170355834E+08
           DelSqV =  6.2569134537E+10
           DelSqVen =  3.0523388856E+12
           DelSqVrep = -2.9897697511E+12
           DelSqG =  2.3678988474E+09
           DelSqK = -6.4937033385E+10
           Stress_EigVals = -2.4237571982E+05 -2.4237112640E+05 -2.4237036294E+05
           Stress_EigVec1 = -5.8381857487E-01  8.1188414071E-01  1.1706811250E-04
           Stress_EigVec2 = -4.9873944870E-05 -1.8005702852E-04  9.9999998255E-01
           Stress_EigVec3 =  8.1188414762E-01  5.8381855884E-01  1.4561250266E-04
           -DivStress =  1.2700457381E+05  9.0188372308E+04  1.4616130494E+01

CP# 5      Coords =  6.96629608673503E+00  2.21187667061843E+00  1.92801268291343E-04
           Type = (3,-3) NACP N5
           Rho =  1.9570045255E+02     Rho at Nucleus =  1.9570045246E+02
           GradRho =  6.4707634480E-11 -4.8777461813E-10 -1.8500999968E-13
           HessRho_EigVals = -4.9034376168E+05 -4.9034297710E+05 -4.9033504080E+05
           HessRho_EigVec1 =  9.9497895548E-01 -1.0008435421E-01 -1.3672805082E-05
           HessRho_EigVec2 =  1.0008435514E-01  9.9497894734E-01  1.2731117562E-04
           HessRho_EigVec3 =  8.6229641260E-07 -1.2804037442E-04  9.9999999180E-01
           DelSqRho = -1.4710217796E+06
           Bond Ellipticity = NA
           V = -3.6779244235E+05
           G =  1.8498725042E+01
           K =  3.6777394362E+05
           L =  3.6775544490E+05
           Vnuc =  1.1623209525E+07
           Ven = -2.2746673640E+09
           Vrep =  2.2742995716E+09
           DelSqV =  2.4438451724E+10
           DelSqVen =  1.7097992176E+13
           DelSqVrep = -1.7073553724E+13
           DelSqG =  9.2153243226E+08
           DelSqK = -2.5359984156E+10
           Stress_EigVals = -1.2259859343E+05 -1.2259699445E+05 -1.2259685446E+05
           Stress_EigVec1 = -1.0071022591E-06 -1.3022769142E-04  9.9999999152E-01
           Stress_EigVec2 =  2.6881766747E-01  9.6319107442E-01  1.2570487796E-04
           Stress_EigVec3 =  9.6319108263E-01 -2.6881766532E-01 -3.4037472340E-05
           -DivStress = -1.9730941750E+03  4.3946929508E+03  1.6054973388E+00

CP# 6      Coords =  4.72785231599630E+00  8.73831128192247E-01  5.29619064960200E-05
           Type = (3,-3) NACP C6
           Rho =  1.2081408395E+02     Rho at Nucleus =  1.2081408286E+02
           GradRho =  5.6523862931E-11 -6.7759441304E-12 -2.7167753279E-16
           HessRho_EigVals = -2.2252792548E+05 -2.2252519581E+05 -2.2252394806E+05
           HessRho_EigVec1 = -2.7002010277E-06 -6.9550931706E-05  9.9999999758E-01
           HessRho_EigVec2 =  9.2949004842E-01  3.6884718936E-01  2.8163475729E-05
           HessRho_EigVec3 = -3.6884719042E-01  9.2949004624E-01  6.3650937319E-05
           DelSqRho = -6.6757706934E+05
           Bond Ellipticity = NA
           V = -1.6690423892E+05
           G =  4.9857910399E+00
           K =  1.6689925313E+05
           L =  1.6689426734E+05
           Vnuc =  1.9088774687E+06
           Ven = -2.3061928276E+08
           Vrep =  2.3045237852E+08
           DelSqV =  8.1706544345E+09
           DelSqVen =  1.2743228170E+12
           DelSqVrep = -1.2661521626E+12
           DelSqG =  3.0741872820E+08
           DelSqK = -8.4780731627E+09
           Stress_EigVals = -5.5635333394E+04 -5.5634915975E+04 -5.5633989549E+04
           Stress_EigVec1 = -4.7618187119E-01  8.7934681560E-01  5.8725583385E-05
           Stress_EigVec2 =  8.7934681755E-01  4.7618186991E-01  3.5085846232E-05
           Stress_EigVec3 = -2.8885690487E-06 -6.8347398769E-05  9.9999999766E-01
           -DivStress = -3.5531325701E+03 -7.6121601745E+03 -4.5766894883E-01

CP# 7      Coords =  2.66932104987858E+00  2.05345996634331E+00  1.45558040504624E-04
           Type = (3,-3) NACP O7
           Rho =  2.9747046045E+02     Rho at Nucleus =  2.9747044054E+02
           GradRho =  1.9182840914E-11 -2.1579233480E-11  1.2909321676E-14
           HessRho_EigVals = -9.6879025452E+05 -9.6878109693E+05 -9.6876837288E+05
           HessRho_EigVec1 =  8.8232344724E-01 -4.7064353048E-01 -4.0796517880E-05
           HessRho_EigVec2 = -2.2633296074E-06 -9.0925517343E-05  9.9999999586E-01
           HessRho_EigVec3 =  4.7064353224E-01  8.8232344350E-01  8.1290937341E-05
           DelSqRho = -2.9063397243E+06
           Bond Ellipticity = NA
           V = -7.2668275240E+05
           G =  4.8910658222E+01
           K =  7.2663384174E+05
           L =  7.2658493108E+05
           Vnuc =  1.2477509427E+06
           Ven = -3.7116904746E+08
           Vrep =  3.7044236471E+08
           DelSqV =  6.2532411204E+10
           DelSqVen =  3.6263881267E+12
           DelSqVrep = -3.5638557155E+12
           DelSqG =  2.3666145205E+09
           DelSqK = -6.4899025725E+10
           Stress_EigVals = -2.4223046603E+05 -2.4222724908E+05 -2.4222503729E+05
           Stress_EigVec1 =  4.7656738656E-01  8.7913794127E-01  7.9278903037E-05
           Stress_EigVec2 = -7.8858265740E-07 -8.9750522912E-05  9.9999999597E-01
           Stress_EigVec3 =  8.7913794485E-01 -4.7656738470E-01 -4.2078899212E-05
           -DivStress = -1.1114400802E+05  6.9323610049E+04  5.6464766749E+00

CP# 8      Coords =  5.00247410168007E+00 -1.82327286018834E+00 -8.68779746910016E-05
           Type = (3,-3) NACP C8
           Rho =  1.2081407609E+02     Rho at Nucleus =  1.2081407594E+02
           GradRho =  5.7514927733E-10  1.2110190218E-09  2.5222958697E-14
           HessRho_EigVals = -2.2261717563E+05 -2.2261669310E+05 -2.2261662930E+05
           HessRho_EigVec1 = -2.5781039365E-01  9.6619552922E-01 -1.5742273066E-05
           HessRho_EigVec2 =  9.6619552476E-01  2.5781039080E-01 -1.0164628083E-04
           HessRho_EigVec3 =  9.4151660528E-05  4.1415581460E-05  9.9999999471E-01
           DelSqRho = -6.6785049802E+05
           Bond Ellipticity = NA
           V = -1.6697368716E+05
           G =  5.5313253316E+00
           K =  1.6696815583E+05
           L =  1.6696262450E+05
           Vnuc =  5.1358056395E+06
           Ven = -6.2047761332E+08
           Vrep =  6.2031063963E+08
           DelSqV =  8.1743144188E+09
           DelSqVen =  3.4299502264E+12
           DelSqVrep = -3.4217759120E+12
           DelSqG =  3.0767434315E+08
           DelSqK = -8.4819887619E+09
           Stress_EigVals = -5.5658033466E+04 -5.5657886745E+04 -5.5657766944E+04
           Stress_EigVec1 =  9.9557914629E-01  9.3926358399E-02 -5.1688608100E-05
           Stress_EigVec2 = -9.3926352068E-02  9.9557914174E-01  1.1368532393E-04
           Stress_EigVec3 =  6.2138148570E-05 -1.0832781534E-04  9.9999999220E-01
           -DivStress = -1.4697929097E+03 -2.7525421940E+03 -6.2480584748E-02

CP# 9      Coords =  7.37162260050164E+00 -2.83325185697981E+00 -2.28607830861350E-04
           Type = (3,-3) NACP C9
           Rho =  1.2090968102E+02     Rho at Nucleus =  1.2090967971E+02
           GradRho = -2.9033882442E-12  1.0834659408E-11  1.3513393969E-15
           HessRho_EigVals = -2.2275097032E+05 -2.2274895171E+05 -2.2274752928E+05
           HessRho_EigVec1 =  2.8999857295E-05 -5.8101008429E-05  9.9999999789E-01
           HessRho_EigVec2 =  7.3428718157E-01  6.7883896077E-01  1.8147004740E-05
           HessRho_EigVec3 = -6.7883896039E-01  7.3428717950E-01  6.2349058714E-05
           DelSqRho = -6.6824745132E+05
           Bond Ellipticity = NA
           V = -1.6707220910E+05
           G =  5.1731374161E+00
           K =  1.6706703597E+05
           L =  1.6706186283E+05
           Vnuc =  1.7495274750E+06
           Ven = -2.1153480894E+08
           Vrep =  2.1136773673E+08
           DelSqV =  8.1789522611E+09
           DelSqVen =  1.1691172823E+12
           DelSqVrep = -1.1609383300E+12
           DelSqG =  3.0779405197E+08
           DelSqK = -8.4867463130E+09
           Stress_EigVals = -5.5691269373E+04 -5.5690840592E+04 -5.5690099139E+04
           Stress_EigVec1 =  7.2435546924E-01 -6.8942668220E-01 -6.3712547383E-05
           Stress_EigVec2 =  6.8942668427E-01  7.2435546987E-01  1.6695815013E-05
           Stress_EigVec3 =  3.4639991845E-05 -5.6018835207E-05  9.9999999783E-01
           -DivStress = -8.5110970050E+03 -3.4388340705E+03  9.9936996350E-01

CP# 10     Coords = -1.17761257903604E+01  1.66101588404876E+00  3.60986138441468E-04
           Type = (3,-3) NACP C10
           Rho =  1.2062155716E+02     Rho at Nucleus =  1.2062155547E+02
           GradRho =  1.8245924396E-10  1.8732514471E-11 -1.7850837041E-16
           HessRho_EigVals = -2.2220249001E+05 -2.2220045953E+05 -2.2220030251E+05
           HessRho_EigVec1 =  7.5716864558E-01 -6.5321938377E-01 -2.8075681417E-04
           HessRho_EigVec2 =  4.9896415857E-04  1.4856148245E-04  9.9999986448E-01
           HessRho_EigVec3 =  6.5321925353E-01  7.5716868306E-01 -4.3841915663E-04
           DelSqRho = -6.6660325205E+05
           Bond Ellipticity = NA
           V = -1.6666136026E+05
           G =  5.2736230108E+00
           K =  1.6665608663E+05
           L =  1.6665081301E+05
           Vnuc =  1.5379546538E+06
           Ven = -1.8551048519E+08
           Vrep =  1.8534382383E+08
           DelSqV =  8.1589630875E+09
           DelSqVen =  1.0252055716E+12
           DelSqVrep = -1.0170466085E+12
           DelSqG =  3.0701295486E+08
           DelSqK = -8.4659760424E+09
           Stress_EigVals = -5.5554003798E+04 -5.5553958703E+04 -5.5553397756E+04
           Stress_EigVec1 =  6.5296007394E-01  7.5739222290E-01 -4.0314369013E-04
           Stress_EigVec2 =  4.7979605667E-04  1.1863862545E-04  9.9999987786E-01
           Stress_EigVec3 =  7.5739217822E-01 -6.5296018761E-01 -2.8592751625E-04
           -DivStress = -8.2928432140E+03  6.2843408638E+03  2.5479262881E+00

CP# 11     Coords = -9.70033177685332E+00 -1.60875488342852E-01 -2.60731273289063E-04
           Type = (3,-3) NACP N11
           Rho =  1.9567321163E+02     Rho at Nucleus =  1.9567321128E+02
           GradRho =  3.7276498167E-09  2.5434094927E-09  5.6689762476E-12
           HessRho_EigVals = -4.9026340730E+05 -4.9026230962E+05 -4.9025547901E+05
           HessRho_EigVec1 =  9.6558739293E-01  2.6007879389E-01 -8.7107116450E-05
           HessRho_EigVec2 = -2.6007878279E-01  9.6558739227E-01  1.2097186233E-04
           HessRho_EigVec3 =  1.1557174947E-04 -9.4154192343E-05  9.9999998889E-01
           DelSqRho = -1.4707811959E+06
           Bond Ellipticity = NA
           V = -3.6773191667E+05
           G =  1.8308842048E+01
           K =  3.6771360782E+05
           L =  3.6769529898E+05
           Vnuc =  5.8428259352E+06
           Ven = -1.1432845158E+09
           Vrep =  1.1429167838E+09
           DelSqV =  2.4434420455E+10
           DelSqVen =  8.5935196733E+12
           DelSqVrep = -8.5690852529E+12
           DelSqG =  9.2135828243E+08
           DelSqK = -2.5355778737E+10
           Stress_EigVals = -1.2257826443E+05 -1.2257698132E+05 -1.2257667092E+05
           Stress_EigVec1 =  1.2874371293E-04 -1.0431833624E-04  9.9999998627E-01
           Stress_EigVec2 = -3.6054153410E-01  9.3274314875E-01  1.4371967116E-04
           Stress_EigVec3 =  9.3274315093E-01  3.6054154765E-01 -8.2473723197E-05
           -DivStress = -7.8411457878E+03 -5.4567416485E+03 -1.2207895971E+01

CP# 12     Coords = -9.88796912017779E+00 -2.78921951713910E+00 -1.71916017045151E-04
           Type = (3,-3) NACP C12
           Rho =  1.2079199345E+02     Rho at Nucleus =  1.2079199242E+02
           GradRho = -1.8387204009E-10 -1.5200783893E-11 -5.8608581313E-16
           HessRho_EigVals = -2.2249763343E+05 -2.2249759154E+05 -2.2249593698E+05
           HessRho_EigVec1 = -6.4883557490E-02  9.9788648114E-01 -3.5629671927E-03
           HessRho_EigVec2 = -2.6003664052E-04  3.5535830382E-03  9.9999365219E-01
           HessRho_EigVec3 =  9.9789280805E-01  6.4884072124E-02  2.8917938819E-05
           DelSqRho = -6.6749116194E+05
           Bond Ellipticity = NA
           V = -1.6688325507E+05
           G =  5.2322927342E+00
           K =  1.6687802278E+05
           L =  1.6687279049E+05
           Vnuc =  1.9736325523E+06
           Ven = -2.3839901033E+08
           Vrep =  2.3823212707E+08
           DelSqV =  8.1696618190E+09
           DelSqVen =  1.3173822710E+12
           DelSqVrep = -1.3092126092E+12
           DelSqG =  3.0739673406E+08
           DelSqK = -8.4770585531E+09
           Stress_EigVals = -5.5628191799E+04 -5.5627628328E+04 -5.5627434944E+04
           Stress_EigVec1 =  9.9983801422E-01  1.7998418364E-02  4.7602601773E-05
           Stress_EigVec2 = -1.7998426933E-02  9.9983799786E-01  1.8617409300E-04
           Stress_EigVec3 = -4.4244050836E-05 -1.8700070739E-04  9.9999998154E-01
           -DivStress = -5.6721813327E+02 -8.0962303099E+03  9.1410659378E-01

CP# 13     Coords = -7.69407990615737E+00 -3.92185873669014E+00 -1.12892134264162E-05
           Type = (3,-3) NACP N13
           Rho =  1.9623868442E+02     Rho at Nucleus =  1.9623866422E+02
           GradRho =  6.4450507105E-12  6.7145119466E-11  2.4412167166E-16
           HessRho_EigVals = -4.9165656984E+05 -4.9165616621E+05 -4.9164640440E+05
           HessRho_EigVec1 =  2.2642123045E-04  7.2706475646E-05  9.9999997172E-01
           HessRho_EigVec2 =  9.7697838511E-01  2.1333817988E-01 -2.3671972196E-04
           HessRho_EigVec3 = -2.1333819106E-01  9.7697841108E-01 -2.2728361973E-05
           DelSqRho = -1.4749591404E+06
           Bond Ellipticity = NA
           V = -3.6877409061E+05
           G =  1.7152749586E+01
           K =  3.6875693786E+05
           L =  3.6873978511E+05
           Vnuc =  7.7219321894E+05
           Ven = -1.5153418140E+08
           Vrep =  1.5116540731E+08
           DelSqV =  2.4502918242E+10
           DelSqVen =  1.1389534461E+12
           DelSqVrep = -1.1144505279E+12
           DelSqG =  9.2392319240E+08
           DelSqK = -2.5426841435E+10
           Stress_EigVals = -1.2292613539E+05 -1.2292420347E+05 -1.2292375175E+05
           Stress_EigVec1 = -2.4151635864E-01  9.7039674771E-01 -2.3486960410E-05
           Stress_EigVec2 =  9.7039674799E-01  2.4151635851E-01 -8.2755942122E-06
           Stress_EigVec3 =  2.3581245581E-06  2.4790361382E-05  9.9999999969E-01
           -DivStress =  1.0865665764E+04 -7.1748166434E+04  2.0866492318E+00

CP# 14     Coords = -5.94640292992121E+00 -2.00181350376501E+00  6.43001188275015E-05
           Type = (3,-3) NACP C14
           Rho =  1.2079103968E+02     Rho at Nucleus =  1.2079103967E+02
           GradRho =  6.3581348583E-11 -2.8284931212E-11  1.3509362357E-15
           HessRho_EigVals = -2.2256474924E+05 -2.2256446467E+05 -2.2256396216E+05
           HessRho_EigVec1 =  2.3224390693E-01  9.7265757653E-01  8.0747167876E-05
           HessRho_EigVec2 =  9.7265757967E-01 -2.3224390780E-01  1.3912417734E-06
           HessRho_EigVec3 = -2.0106239663E-05 -7.8216237446E-05  9.9999999674E-01
           DelSqRho = -6.6769317606E+05
           Bond Ellipticity = NA
           V = -1.6693435451E+05
           G =  5.5302493092E+00
           K =  1.6692882426E+05
           L =  1.6692329402E+05
           Vnuc =  2.3777518523E+07
           Ven = -2.8721111833E+09
           Vrep =  2.8719442490E+09
           DelSqV =  8.1723729829E+09
           DelSqVen =  1.5876103340E+13
           DelSqVrep = -1.5867930967E+13
           DelSqG =  3.0758761446E+08
           DelSqK = -8.4799605974E+09
           Stress_EigVals = -5.5644890626E+04 -5.5644760346E+04 -5.5644703542E+04
           Stress_EigVec1 =  9.9888820196E-01 -4.7141832013E-02  8.7466482163E-05
           Stress_EigVec2 =  4.7141863665E-02  9.9888812247E-01 -4.0432356020E-04
           Stress_EigVec3 = -6.8308676793E-05  4.0799736704E-04  9.9999991444E-01
           -DivStress = -5.3399075715E+02  4.1819363576E+02 -7.0813644491E-02

CP# 15     Coords = -3.21373481012847E+00 -2.09968978391438E+00  2.04140068197374E-04
           Type = (3,-3) NACP C15
           Rho =  1.2080104871E+02     Rho at Nucleus =  1.2080104684E+02
           GradRho =  8.1445811520E-12  3.8519039529E-11 -8.7310123324E-16
           HessRho_EigVals = -2.2250098465E+05 -2.2249952598E+05 -2.2249756315E+05
           HessRho_EigVec1 = -3.2415175724E-05  6.2968636716E-06  9.9999999945E-01
           HessRho_EigVec2 =  4.5611972656E-01  8.8991842039E-01  9.1815061208E-06
           HessRho_EigVec3 =  8.8991841985E-01 -4.5611972661E-01  3.1718985713E-05
           DelSqRho = -6.6749807378E+05
           Bond Ellipticity = NA
           V = -1.6688451373E+05
           G =  4.9976426784E+00
           K =  1.6687951609E+05
           L =  1.6687451844E+05
           Vnuc =  1.4633465204E+06
           Ven = -1.7677379429E+08
           Vrep =  1.7660690978E+08
           DelSqV =  8.1696894427E+09
           DelSqVen =  9.7678098227E+11
           DelSqVrep = -9.6861129283E+11
           DelSqG =  3.0737908965E+08
           DelSqK = -8.4770685324E+09
           Stress_EigVals = -5.5628853421E+04 -5.5628096131E+04 -5.5627564176E+04
           Stress_EigVec1 =  8.6342855541E-01 -5.0447113770E-01  3.0580121086E-05
           Stress_EigVec2 =  5.0447113741E-01  8.6342855595E-01  1.7237841261E-05
           Stress_EigVec3 = -3.5099743182E-05  5.4314408765E-07  9.9999999938E-01
           -DivStress = -4.0226936175E+03 -1.0170722349E+04 -6.4368114090E-01

CP# 16     Coords = -1.78330869779361E+00 -3.88594548196016E+00  2.06029635836497E-04
           Type = (3,-3) NACP O16
           Rho =  2.9769053860E+02     Rho at Nucleus =  2.9769051151E+02
           GradRho =  9.6193356827E-11 -1.7274480986E-10  7.7791471995E-15
           HessRho_EigVals = -9.6943592842E+05 -9.6943471851E+05 -9.6941365958E+05
