AIMSum (Version 11.12.19, Professional)
Copyright (c) 1997-2011 by Todd A. Keith
AIMSum is a component of the AIMAll package ( http://aim.tkgristmill.com )

Much of the Quantum Theory of Atoms in Molecules (QTAIM) is described in the book:
  "Atoms in Molecules - A Quantum Theory"
  R.F.W. Bader, Oxford University Press, Oxford, 1990

For additional references see:  http://aim.tkgristmill.com/references.html

Wfx File:  /home4/vemuri/FCHK/CHK-N3Prot/chk-Mp2-Spe-FOPT_GCWWC_N3prot-st17.wfx
Sum File:  /home4/vemuri/FCHK/CHK-N3Prot/chk-Mp2-Spe-FOPT_GCWWC_N3prot-st17.sum

SumViz File:  /home4/vemuri/FCHK/CHK-N3Prot/chk-Mp2-Spe-FOPT_GCWWC_N3prot-st17.sumviz

Wfx Title:  CHK-Mp2-Spe-AGWWC-N3prot-from-fopt-17                                          
 
Total memory allocated for AIMSum =       24.032 Megabytes

Atomic units (a.u.) used throughout, except where stated otherwise

Restricted, closed-shell, single-determinant wavefunction.
  Number of electrons (from MO Occs)                   =         152.0000000000
  Number of Alpha electrons (from MO Occs)             =          76.0000000000
  Number of Beta electrons (from MO Occs)              =          76.0000000000
  Number of electron pairs (N*(N-1)/2)                 =       11476.0000000000
  Number of electron pairs (from Muller 2EDM)          =       11476.0000000000
 
Nuclear Charges and Cartesian Coordinates:
-------------------------------------------------------------------------------
Atom      Charge                X                  Y                  Z
-------------------------------------------------------------------------------
C1         6.0          -1.0523329200E+01  -2.7308166000E+00   2.0352721000E-03
N2         7.0          -8.7451686800E+00  -6.1828234900E-01   8.2584737400E-04
C3         6.0          -9.3262990800E+00   1.9557117400E+00   8.3340627800E-04
N4         7.0          -7.3293630800E+00   3.4046251900E+00   1.2853843000E-04
C5         6.0          -5.3130650200E+00   1.7633526400E+00  -4.6672530100E-04
C6         6.0          -2.6328059700E+00   2.2525667700E+00  -1.5873329000E-03
O7         8.0          -1.5356611600E+00   4.2817112000E+00  -2.4339302100E-03
N8         7.0          -1.1779020900E+00  -3.1023679700E-02  -1.6931575600E-03
C9         6.0          -2.0569120400E+00  -2.4222018500E+00  -1.1564753400E-03
N10        7.0          -4.6896765900E-01  -4.3555693600E+00  -1.8613431900E-03
N11        7.0          -4.6127704200E+00  -2.7975448600E+00  -2.6641433100E-04
C12        6.0          -6.1776431400E+00  -7.0367913500E-01  -3.7423988100E-06
C13        6.0           9.5592306900E+00  -3.7567210500E+00  -1.1901569300E-04
N14        7.0           8.1533860000E+00  -1.3601873500E+00   3.1562131800E-04
C15        6.0           5.5109290300E+00  -1.4618904500E+00   5.0270420500E-04
O16        8.0           4.4865670200E+00  -3.5935468600E+00   6.3498503400E-04
N17        7.0           4.1632236500E+00   7.1869479900E-01   5.2349119200E-04
C18        6.0           5.3404815100E+00   2.9743115700E+00   7.6348641100E-04
N19        7.0           3.9140898200E+00   5.0632469900E+00   1.0488350600E-03
C20        6.0           8.0427861000E+00   3.1319656800E+00   8.6742134800E-04
C21        6.0           9.3522925600E+00   9.2121095500E-01   5.6317544100E-04
H22        1.0          -1.1270377500E+01   2.5861452100E+00   1.3870960300E-03
H23        1.0           1.5132473500E+00  -4.0477689200E+00  -1.0393123200E-03
H24        1.0           4.7246406400E+00   6.7873971900E+00   1.0167097100E-03
H25        1.0           9.0163768300E+00   4.9307184900E+00   1.1074165700E-03
H26        1.0           1.1399945000E+01   8.6368008300E-01   6.0852886800E-04
H27        1.0          -1.1188974300E+00  -6.1497811500E+00   1.5310487000E-04
H28        1.0          -1.2436374500E+01  -1.9663070600E+00  -8.8780074800E-05
H29        1.0          -1.0284290200E+01  -3.8898650100E+00  -1.6931341100E+00
H30        1.0          -1.0286406700E+01  -3.8863198800E+00   1.6999201900E+00
H31        1.0           9.0747691300E+00  -4.8563148900E+00   1.6761568800E+00
H32        1.0           9.0723691800E+00  -4.8569290500E+00  -1.6752724200E+00
H33        1.0           1.1575356800E+01  -3.3344958100E+00  -1.6345760500E-03
H34        1.0           1.9872362300E+00   4.9402542200E+00   3.3829803100E-04
H35        1.0           8.0254412900E-01   2.4166375400E-01  -1.2887561700E-03
H36        1.0          -5.3070709700E+00  -4.5779692200E+00  -3.8168762500E-04
 
Some Atomic Properties:
----------------------
  q(A) = Net Charge of Atom A
  L(A) = Lagrangian of Atom A = -(1/4) Times Atomic Integral of the Laplacian of the Electron Density
  K(A) = Electronic Kinetic Energy of Atom A (Hamiltonian Form)
  K_Scaled(A) = K(A) * E(Mol)/K(Mol) = Approximation to Virial-Based Total Energy of Atom A.
  |Mu_Intra(A)| = Magnitude of Intraatomic Dipole Moment of Atom A
--------------------------------------------------------------------------------------------------
Atom A          q(A)              L(A)              K(A)          K_Scaled(A)      |Mu_Intra(A)|
--------------------------------------------------------------------------------------------------
C1        6.3685214490E-01  1.9750823333E-04  3.7370970511E+01 -3.7433621914E+01  5.2476390969E-01
N2       -1.5414583069E+00  5.1432625965E-04  5.5343011721E+01 -5.5435792756E+01  1.4293279410E-01
C3        1.3483262486E+00  7.6730206037E-04  3.6944486033E+01 -3.7006422447E+01  7.9444089673E-01
N4       -1.3648289783E+00 -1.7231158478E-04  5.5093194066E+01 -5.5185556289E+01  3.2626199741E-01
C5        6.0479676080E-01 -8.5544419443E-05  3.7543143441E+01 -3.7606083488E+01  5.1359874199E-01
C6        1.6529774144E+00  6.5870934349E-04  3.6719971749E+01 -3.6781531770E+01  8.4437558593E-01
O7       -1.3303871414E+00  5.8346208797E-05  7.5526742046E+01 -7.5653360550E+01  6.2782956817E-01
N8       -1.5139423371E+00  5.4121524466E-06  5.5270239925E+01 -5.5362898960E+01  3.0213477763E-02
C9        2.0240313275E+00 -9.7397703155E-04  3.6553601442E+01 -3.6614882548E+01  3.0672576903E-02
N10      -1.4986334898E+00  1.4274706033E-04  5.5180536544E+01 -5.5273045194E+01  1.4961158267E-01
N11      -1.5327229680E+00  3.0045870531E-04  5.5294876918E+01 -5.5387577256E+01  1.2067966128E-01
C12       1.0682600315E+00 -1.0125225487E-03  3.7223960097E+01 -3.7286365042E+01  8.8213137580E-01
C13       6.4265466800E-01 -4.2080758835E-04  3.7381070243E+01 -3.7443738578E+01  5.2052944929E-01
N14      -1.5477668504E+00 -5.1727719474E-04  5.5352654676E+01 -5.5445451877E+01  1.9336480672E-01
C15       2.1688764800E+00  2.4112485393E-03  3.6408469184E+01 -3.6469506981E+01  2.3817213621E-01
O16      -1.3888486743E+00  1.4734273486E-04  7.5531392284E+01 -7.5658018584E+01  4.9933584370E-01
N17      -1.4679485338E+00 -7.1318092934E-05  5.5154924208E+01 -5.5247389920E+01  8.3910923725E-02
C18       1.3586850564E+00  2.5907370338E-03  3.6993687519E+01 -3.7055706417E+01  8.1048989049E-01
N19      -1.5061162354E+00  3.9935313738E-05  5.5185831735E+01 -5.5278349262E+01  2.0269951998E-01
C20       8.1420659400E-02 -3.4397034800E-04  3.7769105940E+01 -3.7832424806E+01  1.7044159272E-01
C21       6.3787436980E-01  5.3777797881E-04  3.7433898871E+01 -3.7496655772E+01  8.0069091512E-01
H22       7.7822522810E-02  2.8180853963E-05  5.8414308211E-01 -5.8512238190E-01  1.0124890704E-01
H23       6.6238522443E-01  1.3220351966E-04  2.9415381897E-01 -2.9464695975E-01  8.3262901569E-02
H24       4.9507593725E-01  3.0527339251E-05  3.9537782502E-01 -3.9604066506E-01  1.6537195196E-01
H25       1.4467347390E-02  2.9533681198E-05  6.0771920799E-01 -6.0873803251E-01  9.9666400205E-02
H26       5.8371957640E-02  3.4074867165E-05  5.9791559535E-01 -5.9891798438E-01  9.6434300910E-02
H27       4.9909355892E-01  1.9376108625E-05  3.9199362235E-01 -3.9265078887E-01  1.6388069497E-01
H28       1.7392000760E-02  4.7007266548E-05  6.1233929336E-01 -6.1336586333E-01  9.7080761139E-02
H29      -2.0929870500E-02  2.8584288509E-05  6.2857675422E-01 -6.2963054584E-01  9.7116461167E-02
H30      -2.0828999500E-02  2.8533579998E-05  6.2853525323E-01 -6.2958897527E-01  9.7123923379E-02
H31      -1.0132134000E-03  4.3743142473E-05  6.2250013445E-01 -6.2354373878E-01  1.0088510327E-01
H32      -9.3894050000E-04  4.3545394154E-05  6.2247730393E-01 -6.2352086999E-01  1.0089084242E-01
H33      -3.5448896100E-02  5.7651435049E-05  6.3809650032E-01 -6.3916625153E-01  9.2790832623E-02
H34       5.8469092703E-01  6.3335038161E-05  3.4770107615E-01 -3.4828398744E-01  1.1609765735E-01
H35       6.2291173992E-01  1.1940414958E-04  3.1468733831E-01 -3.1521490297E-01  1.0204721050E-01
H36       5.1850516272E-01  3.6470957379E-05  3.8338102741E-01 -3.8402375515E-01  1.5656413355E-01
--------------------------------------------------------------------------------------------------
Total     1.0036581048E+00  5.5162944374E-03  1.0089453670E+03 -1.0106368361E+03
 
Note.  Potentially significant integration error for the following atom:  C15     
Note.  Potentially significant integration error for the following atom:  C18     
 
Molecular charge q(Mol) from the wfx file:   1.0000000000E+00
Molecular energy E(Mol) from the wfx file:  -1.0106360458E+03
Molecular virial ratio (-V(Mol)/T(Mol)) from the wfx file:   2.0016764725E+00
Note.  K_Scaled(A) = (1+V(Mol)/T(Mol))*K(A) = E(Mol)/T(Mol)*K(A)
       Use K_Scaled(A) with caution.
 
Note.  Potentially significant cumulative integration error.
 
Some Information About the Atomic Calculations:
----------------------------------------------
  Time(sec) = "Elapsed User Time", in Seconds, for Atom A by AIMInt
  NProc = Number of Processors Used for AIMInt Job
  BIM = Basin Integration Method
  OAQ = Angular Quadrature Outside of Beta Sphere
  ORQ = Multiple of Default for Radial Quadrature Outside of Beta Sphere
  IAQ = Multiple of Default for Angular Quadrature Inside of Beta Sphere
  IRQ = Multiple of Default for Radial Quadrature Inside of Beta Sphere
  MIR = Maximum Integration Radius
------------------------------------------------------------------------------------------------------
Atom A     Time(sec)   NProc      BIM              OAQ                 ORQ      IAQ      IRQ      MIR
------------------------------------------------------------------------------------------------------
C1            190        1     Proaim(5)    120*80    (High)           1.00     1.00     1.00    10.00
N2            254        1     Proaim(5)    120*80    (High)           1.00     1.00     1.00    10.00
C3            221        1     Proaim(5)    120*80    (High)           1.00     1.00     1.00    10.00
N4            288        1     Proaim(5)    120*80    (High)           1.00     1.00     1.00    10.00
C5            302        1     Proaim(5)    120*80    (High)           1.00     1.00     1.00    10.00
C6            290        1     Proaim(5)    120*80    (High)           1.00     1.00     1.00    10.00
O7            275        1     Proaim(5)    120*80    (High)           1.00     1.00     1.00    10.00
N8            344        1     Proaim(5)    120*80    (High)           1.00     1.00     1.00    10.00
C9            206        1     Proaim(5)    120*80    (High)           1.00     1.00     1.00    10.00
N10           277        1     Proaim(5)    120*80    (High)           1.00     1.00     1.00    10.00
N11           297        1     Proaim(5)    120*80    (High)           1.00     1.00     1.00    10.00
C12           300        1     Proaim(5)    120*80    (High)           1.00     1.00     1.00    10.00
C13           244        1     Proaim(5)    120*80    (High)           1.00     1.00     1.00    10.00
N14           298        1     Proaim(5)    120*80    (High)           1.00     1.00     1.00    10.00
C15           237        1     Proaim(5)    120*80    (High)           1.00     1.00     1.00    10.00
O16           273        1     Proaim(5)    120*80    (High)           1.00     1.00     1.00    10.00
N17           345        1     Proaim(5)    120*80    (High)           1.00     1.00     1.00    10.00
C18           272        1     Proaim(5)    120*80    (High)           1.00     1.00     1.00    10.00
N19           251        1     Proaim(5)    120*80    (High)           1.00     1.00     1.00    10.00
C20           224        1     Proaim(5)    120*80    (High)           1.00     1.00     1.00    10.00
C21           234        1     Proaim(5)    120*80    (High)           1.00     1.00     1.00    10.00
H22            53        1     Proaim(5)    72*48     (High)           1.00     1.00     1.00    10.00
H23           107        1     Proaim(5)    120*80    (High)           1.00     1.00     1.00    10.00
H24            34        1     Proaim(5)    72*48     (High)           1.00     1.00     1.00    10.00
H25            55        1     Proaim(5)    72*48     (High)           1.00     1.00     1.00    10.00
H26            53        1     Proaim(5)    72*48     (High)           1.00     1.00     1.00    10.00
H27            38        1     Proaim(5)    72*48     (High)           1.00     1.00     1.00    10.00
H28            44        1     Proaim(5)    72*48     (High)           1.00     1.00     1.00    10.00
H29            64        1     Proaim(5)    72*48     (High)           1.00     1.00     1.00    10.00
H30            61        1     Proaim(5)    72*48     (High)           1.00     1.00     1.00    10.00
H31            73        1     Proaim(5)    72*48     (High)           1.00     1.00     1.00    10.00
H32            67        1     Proaim(5)    72*48     (High)           1.00     1.00     1.00    10.00
H33           104        1     Proaim(5)    72*48     (High)           1.00     1.00     1.00    10.00
H34           101        1     Proaim(5)    120*80    (High)           1.00     1.00     1.00    10.00
H35           108        1     Proaim(5)    120*80    (High)           1.00     1.00     1.00    10.00
H36            35        1     Proaim(5)    72*48     (High)           1.00     1.00     1.00    10.00
------------------------------------------------------------------------------------------------------
Total        6619
Note:  Total wall clock time is less than Total of atomic times if more than one atom
       was calculated at a time
 
Electron Density Critical Point Analysis of Molecular Structure:               
---------------------------------------------------------------                
  NACP = Nuclear Attractor Critical Point                                      
  NNACP = Non-Nuclear Attractor Critical Point                                 
  BCP = Bond Critical Point                                                    
  RCP = Ring Critical Point                                                    
  CCP = Cage Critical Point                                                    
  Rho = Electron Density                                                       
  GradRho = Gradient of Electron Density                                       
  HessRho_EigVals = Eigenvalues of the Hessian of Rho, Ascending Order         
  HessRho_EigVecs = Eigenvectors of the Hessian of Rho                         
  DelSqRho = Laplacian of Rho = Trace of Hessian of Rho                        
  Bond Ellipticity = (HessRho_EigVal(1) / HessRho_EigVal(2)) - 1               
  V = Virial Field = Potential Energy Density = Trace of Stress Tensor         
  G = Lagrangian Form of Kinetic Energy Density                                
  K = Hamiltonian Form of Kinetic Energy Density                               
  L = K - G = Lagrangian Density = (-1/4)DelSqRho                              
  Vnuc = Electrostatic Potential from Nuclei                                   
  Ven = Electron-nuclear attractive contribution to Virial Field V             
  Vrep = V - Ven = Repulsive contribution to Virial Field V                    
  DelSqV = Laplacian of V                                                      
  DelSqVen = Laplacian of Ven                                                  
  DelSqVrep = Laplacian of Vrep                                                
  DelSqG = Laplacian of G                                                      
  DelSqK = Laplacian of K                                                      
  Stress_EigVals = Eigenvalues of Stress Tensor, Ascending Order               
  Stress_EigVecs = Eigenvectors of Stress Tensor                               
  -DivStress = Ehrenfest Force Density = Minus Divergence of Stress Tensor     
  BP = Bond Path                                                               
  BPL = Bond Path Length                                                       
  GBL = Geometric Bond Length                                                  
  GBL_I = Distance Between Nuclear Attractors                                  
  GBL_II = Distance Between Nuclei                                             
  GBL_III = Sum of Distances Between BCP and Nuclear Attractors                
  GBL_IV = Sum of Distances Between BCP and Nuclei                             

CP# 1      Coords = -1.05233265076395E+01 -2.73081379858213E+00  2.03526956364470E-03
           Type = (3,-3) NACP C1
           Rho =  1.2062146128E+02     Rho at Nucleus =  1.2062145960E+02
           GradRho = -1.6802752776E-10  1.3649994215E-11 -2.4462546568E-14
           HessRho_EigVals = -2.2220249228E+05 -2.2220046693E+05 -2.2220031702E+05
           HessRho_EigVec1 =  6.5132398644E-01  7.5879966872E-01 -3.5698273382E-04
           HessRho_EigVec2 = -1.4808289365E-03  1.7415416238E-03  9.9999738709E-01
           HessRho_EigVec3 =  7.5879830775E-01 -6.5132175595E-01  2.2579603394E-03
           DelSqRho = -6.6660327623E+05
           Bond Ellipticity = NA
           V = -1.6666136732E+05
           G =  5.2741302434E+00
           K =  1.6665609319E+05
           L =  1.6665081906E+05
           Vnuc =  1.5442384851E+06
           Ven = -1.8626830264E+08
           Vrep =  1.8610164127E+08
           DelSqV =  8.1589641776E+09
           DelSqVen =  1.0293944259E+12
           DelSqVrep = -1.0212354617E+12
           DelSqG =  3.0701322128E+08
           DelSqK = -8.4659773988E+09
           Stress_EigVals = -5.5554004234E+04 -5.5553961157E+04 -5.5553401927E+04
           Stress_EigVec1 =  7.5863542360E-01 -6.5151159165E-01  2.2226112018E-03
           Stress_EigVec2 = -1.4503963675E-03  1.7225840925E-03  9.9999746452E-01
           Stress_EigVec3 =  6.5151376839E-01  7.5863672377E-01 -3.6186326679E-04
           -DivStress = -7.1799881013E+03 -7.4723192523E+03  6.7673196008E+00

CP# 2      Coords = -8.74516762213072E+00 -6.18282868269587E-01  8.25848173789109E-04
           Type = (3,-3) NACP N2
           Rho =  1.9567298866E+02     Rho at Nucleus =  1.9567298832E+02
           GradRho =  3.8912151492E-09 -1.8543547243E-09  2.8772353864E-12
           HessRho_EigVals = -4.9026422388E+05 -4.9026315277E+05 -4.9025624829E+05
           HessRho_EigVec1 =  9.9308159100E-01 -1.1742567789E-01 -4.0469737286E-04
           HessRho_EigVec2 =  1.1742558596E-01  9.9308165437E-01 -2.4395982747E-04
           HessRho_EigVec3 =  4.3054468468E-04  1.9475018746E-04  9.9999988835E-01
           DelSqRho = -1.4707836249E+06
           Bond Ellipticity = NA
           V = -3.6773253059E+05
           G =  1.8312176420E+01
           K =  3.6771421841E+05
           L =  3.6769590624E+05
           Vnuc =  5.9400604715E+06
           Ven = -1.1623093853E+09
           Vrep =  1.1619416528E+09
           DelSqV =  2.4434467465E+10
           DelSqVen =  8.7365426872E+12
           DelSqVrep = -8.7121082198E+12
           DelSqG =  9.2136241399E+08
           DelSqK = -2.5355829879E+10
           Stress_EigVals = -1.2257847951E+05 -1.2257717672E+05 -1.2257687436E+05
           Stress_EigVec1 =  4.3566995913E-04  2.0616247482E-04  9.9999988384E-01
           Stress_EigVec2 =  2.2560033098E-01  9.7421989365E-01 -2.9913490602E-04
           Stress_EigVec3 =  9.7421984216E-01 -2.2560043510E-01 -3.7792801870E-04
           -DivStress = -8.4365998214E+03  4.1375463546E+03 -6.3818413750E+00

CP# 3      Coords = -9.32629844281928E+00  1.95570876734908E+00  8.33406402878447E-04
           Type = (3,-3) NACP C3
           Rho =  1.2079125173E+02     Rho at Nucleus =  1.2079125070E+02
           GradRho =  4.9799019129E-12 -2.3204423860E-11 -9.4281204480E-15
           HessRho_EigVals = -2.2249623528E+05 -2.2249616599E+05 -2.2249453294E+05
           HessRho_EigVec1 = -8.8972266944E-02  9.9603268683E-01  1.6800259551E-03
           HessRho_EigVec2 =  4.8619141975E-04 -1.6432853631E-03  9.9999853161E-01
           HessRho_EigVec3 =  9.9603398503E-01  8.8972953112E-02 -3.3805572214E-04
           DelSqRho = -6.6748693421E+05
           Bond Ellipticity = NA
           V = -1.6688219888E+05
           G =  5.2326631904E+00
           K =  1.6687696622E+05
           L =  1.6687173355E+05
           Vnuc =  1.9735921344E+06
           Ven = -2.3839266431E+08
           Vrep =  2.3822578211E+08
           DelSqV =  8.1696103385E+09
           DelSqVen =  1.3173469471E+12
           DelSqVrep = -1.3091773367E+12
           DelSqG =  3.0739472935E+08
           DelSqK = -8.4770050678E+09
           Stress_EigVals = -5.5627839311E+04 -5.5627272486E+04 -5.5627087082E+04
           Stress_EigVec1 =  9.9073567211E-01  1.3580397079E-01 -3.3095238811E-04
           Stress_EigVec2 = -1.3580403597E-01  9.9073570154E-01 -1.8304958687E-04
           Stress_EigVec3 =  3.0302748566E-04  2.2629842550E-04  9.9999992848E-01
           -DivStress = -1.7083326027E+03  7.9344171618E+03 -3.2676349850E-01

CP# 4      Coords = -7.32936307095222E+00  3.40461614973123E+00  1.28538941631544E-04
           Type = (3,-3) NACP N4
           Rho =  1.9623824616E+02     Rho at Nucleus =  1.9623822607E+02
           GradRho =  2.0400826147E-10 -3.6016498876E-11  2.9090092965E-15
           HessRho_EigVals = -4.9165644472E+05 -4.9165601548E+05 -4.9164627742E+05
           HessRho_EigVec1 =  5.4674525149E-04  8.1478643346E-05  9.9999984722E-01
           HessRho_EigVec2 =  9.9784440890E-01 -6.5621976483E-02 -5.4021998521E-04
           HessRho_EigVec3 =  6.5621922441E-02  9.9784455180E-01 -1.1718151274E-04
           DelSqRho = -1.4749587376E+06
           Bond Ellipticity = NA
           V = -3.6877398293E+05
           G =  1.7149263350E+01
           K =  3.6875683367E+05
           L =  3.6873968440E+05
           Vnuc =  7.7433330753E+05
           Ven = -1.5195381021E+08
           Vrep =  1.5158503623E+08
           DelSqV =  2.4502916403E+10
           DelSqVen =  1.1421096799E+12
           DelSqVrep = -1.1176067635E+12
           DelSqG =  9.2392475944E+08
           DelSqK = -2.5426841163E+10
           Stress_EigVals = -1.2292609983E+05 -1.2292417015E+05 -1.2292371294E+05
           Stress_EigVec1 =  9.5314684735E-02  9.9544718313E-01 -1.2834997127E-04
           Stress_EigVec2 =  9.9544711923E-01 -9.5314726130E-02 -3.6850147366E-04
           Stress_EigVec3 =  3.7905739629E-04  9.2642007372E-05  9.9999992387E-01
           -DivStress = -6.2346675861E+01  7.2365365846E+04 -4.0969851303E+00

CP# 5      Coords = -5.31306487475060E+00  1.76335287571361E+00 -4.66725667189499E-04
           Type = (3,-3) NACP C5
           Rho =  1.2078908239E+02     Rho at Nucleus =  1.2078908238E+02
           GradRho =  1.3306928476E-11 -7.1555537124E-12 -2.2276952960E-14
           HessRho_EigVals = -2.2256297192E+05 -2.2256265967E+05 -2.2256207109E+05
           HessRho_EigVec1 = -4.4439915840E-01  8.9582886947E-01  1.5693426006E-04
           HessRho_EigVec2 =  8.9582877030E-01  4.4439918353E-01 -4.2424421429E-04
           HessRho_EigVec3 =  4.4979167191E-04  4.7947546583E-05  9.9999989769E-01
           DelSqRho = -6.6768770268E+05
           Bond Ellipticity = NA
           V = -1.6693302894E+05
           G =  5.5516338404E+00
           K =  1.6692747730E+05
           L =  1.6692192567E+05
           Vnuc =  2.1670642554E+07
           Ven = -2.6175770289E+09
           Vrep =  2.6174100958E+09
           DelSqV =  8.1723140875E+09
           DelSqVen =  1.4469228921E+13
           DelSqVrep = -1.4461056607E+13
           DelSqG =  3.0758769524E+08
           DelSqK = -8.4799017828E+09
           Stress_EigVals = -5.5644442585E+04 -5.5644308569E+04 -5.5644277784E+04
           Stress_EigVec1 =  9.6985800555E-01  2.4367054796E-01 -3.3633361168E-04
           Stress_EigVec2 = -2.4367064291E-01  9.6985800028E-01 -2.7761630282E-04
           Stress_EigVec3 =  2.5854892742E-04  3.5120302115E-04  9.9999990490E-01
           -DivStress = -3.8632868300E+02 -6.3677761801E+02  9.7872547989E-01

CP# 6      Coords = -2.63280377102319E+00  2.25256381728039E+00 -1.58733338496322E-03
           Type = (3,-3) NACP C6
           Rho =  1.2080038963E+02     Rho at Nucleus =  1.2080038812E+02
           GradRho = -9.5342721471E-12  2.4458219088E-11  1.7849125921E-14
           HessRho_EigVals = -2.2250073413E+05 -2.2249886874E+05 -2.2249713647E+05
           HessRho_EigVec1 =  3.5756818778E-04  1.7230129775E-04  9.9999992123E-01
           HessRho_EigVec2 = -5.6954130428E-01  8.2196271136E-01  6.2024615057E-05
           HessRho_EigVec3 =  8.2196263593E-01  5.6954128160E-01 -3.9204042298E-04
           DelSqRho = -6.6749673933E+05
           Bond Ellipticity = NA
           V = -1.6688417137E+05
           G =  4.9932669151E+00
           K =  1.6687917810E+05
           L =  1.6687418483E+05
           Vnuc =  1.6297590508E+06
           Ven = -1.9687552834E+08
           Vrep =  1.9670864416E+08
           DelSqV =  8.1696766616E+09
           DelSqVen =  1.0878588539E+12
           DelSqVrep = -1.0796891772E+12
           DelSqG =  3.0737949563E+08
           DelSqK = -8.4770561573E+09
           Stress_EigVals = -5.5628712150E+04 -5.5628057357E+04 -5.5627401860E+04
           Stress_EigVec1 =  7.7968344490E-01  6.2617375093E-01 -3.9924443126E-04
           Stress_EigVec2 = -6.2617377228E-01  7.7968352539E-01  8.4532749279E-05
           Stress_EigVec3 =  3.6421649435E-04  1.8408760642E-04  9.9999991673E-01
           -DivStress = -5.8848347920E+03  7.8658439146E+03  1.3008927846E+00

CP# 7      Coords = -1.53566396941613E+00  4.28170457979222E+00 -2.43392703192235E-03
           Type = (3,-3) NACP O7
           Rho =  2.9762457111E+02     Rho at Nucleus =  2.9762454605E+02
           GradRho = -9.0501408567E-11 -4.5289396859E-11  3.7071853833E-14
           HessRho_EigVals = -9.6924543394E+05 -9.6924379548E+05 -9.6922393637E+05
           HessRho_EigVec1 =  4.9338552483E-01  8.6981055106E-01 -5.7372172607E-04
           HessRho_EigVec2 =  5.3619470378E-04  3.5544625395E-04  9.9999979308E-01
           HessRho_EigVec3 =  8.6981057500E-01 -4.9338573036E-01 -2.9101577421E-04
           DelSqRho = -2.9077131658E+06
           Bond Ellipticity = NA
           V = -7.2702547596E+05
           G =  4.8592256085E+01
           K =  7.2697688370E+05
           L =  7.2692829145E+05
           Vnuc =  1.1124203818E+06
           Ven = -3.3108363902E+08
           Vrep =  3.3035661355E+08
           DelSqV =  6.2561368789E+10
           DelSqVen =  3.2345993912E+12
           DelSqVrep = -3.1720380224E+12
           DelSqG =  2.3676206063E+09
           DelSqK = -6.4928989396E+10
           Stress_EigVals = -2.4234528370E+05 -2.4234030703E+05 -2.4233988523E+05
           Stress_EigVec1 =  8.7544718125E-01 -4.8331371571E-01 -2.9162879308E-04
           Stress_EigVec2 =  6.2854855919E-04  5.3512317631E-04  9.9999965928E-01
           Stress_EigVec3 =  4.8331339498E-01  8.7544706628E-01 -7.7225821597E-04
           -DivStress =  5.7433233191E+04  1.3527508242E+05 -6.4950125302E+01

CP# 8      Coords = -1.17790414737826E+00 -3.10254389445809E-02 -1.69315488129441E-03
           Type = (3,-3) NACP N8
           Rho =  1.9570699655E+02     Rho at Nucleus =  1.9570699475E+02
           GradRho = -3.1718044640E-11  7.3726273177E-14 -2.2012687151E-14
           HessRho_EigVals = -4.9036549181E+05 -4.9036206854E+05 -4.9035679290E+05
           HessRho_EigVec1 =  7.1247571690E-02  9.9745865743E-01 -1.0125152498E-04
           HessRho_EigVec2 =  9.9745865754E-01 -7.1247560768E-02  1.0766881836E-04
           HessRho_EigVec3 = -1.0018127083E-04  1.0866535204E-04  9.9999998908E-01
           DelSqRho = -1.4710843532E+06
           Bond Ellipticity = NA
           V = -3.6780805193E+05
           G =  1.8481811593E+01
           K =  3.6778957012E+05
           L =  3.6777108831E+05
           Vnuc =  2.5859303228E+06
           Ven = -5.0608465677E+08
           Vrep =  5.0571684871E+08
           DelSqV =  2.4439497940E+10
           DelSqVen =  3.8041216696E+12
           DelSqVrep = -3.7796821717E+12
           DelSqG =  9.2157992274E+08
           DelSqK = -2.5361077862E+10
           Stress_EigVals = -1.2260358921E+05 -1.2260260939E+05 -1.2260185333E+05
           Stress_EigVec1 = -8.7777158398E-05  1.2573760671E-04  9.9999998824E-01
           Stress_EigVec2 =  9.9667981039E-01 -8.1420795890E-02  9.7723378750E-05
           Stress_EigVec3 =  8.1420807220E-02  9.9667980725E-01 -1.1817324792E-04
           -DivStress =  1.6429352538E+04  1.4055443029E+04 -2.1412944732E+01

CP# 9      Coords = -2.05691342312341E+00 -2.42220153958402E+00 -1.15647660575831E-03
           Type = (3,-3) NACP C9
           Rho =  1.2070312330E+02     Rho at Nucleus =  1.2070312308E+02
           GradRho = -2.3790751288E-09  5.1563279636E-10 -2.1798824546E-12
           HessRho_EigVals = -2.2230116869E+05 -2.2229882342E+05 -2.2229821054E+05
           HessRho_EigVec1 =  1.6316000463E-04  1.5536286820E-04  9.9999997462E-01
           HessRho_EigVec2 =  9.4658444858E-01  3.2245595028E-01 -2.0454240951E-04
           HessRho_EigVec3 = -3.2245597387E-01  9.4658445793E-01 -9.4452160585E-05
           DelSqRho = -6.6689820265E+05
           Bond Ellipticity = NA
           V = -1.6673466956E+05
           G =  5.0594496390E+00
           K =  1.6672961011E+05
           L =  1.6672455066E+05
           Vnuc =  4.2327411302E+06
           Ven = -5.1090507455E+08
           Vrep =  5.1073833988E+08
           DelSqV =  8.1623543156E+09
           DelSqVen =  2.8228072243E+12
           DelSqVrep = -2.8146448700E+12
           DelSqG =  3.0707634593E+08
           DelSqK = -8.4694306616E+09
           Stress_EigVals = -5.5578660533E+04 -5.5578440889E+04 -5.5577568140E+04
           Stress_EigVec1 = -3.4336413736E-01  9.3920235688E-01 -4.4741761651E-05
           Stress_EigVec2 =  9.3920233237E-01  3.4336411650E-01 -2.4974894494E-04
           Stress_EigVec3 =  2.1920208226E-04  1.2777639793E-04  9.9999996781E-01
           -DivStress =  3.6818279801E+03 -8.2784935096E+02  3.3926614599E+00

CP# 10     Coords = -4.68970670752646E-01 -4.35556862826055E+00 -1.86133260016222E-03
           Type = (3,-3) NACP N10
           Rho =  1.9562244419E+02     Rho at Nucleus =  1.9562244183E+02
           GradRho = -1.0868583059E-11  1.0710677703E-11  2.7264648872E-14
           HessRho_EigVals = -4.9013008642E+05 -4.9012661011E+05 -4.9012071579E+05
           HessRho_EigVec1 = -3.2745689074E-01  9.4486607195E-01 -3.0128799057E-04
           HessRho_EigVec2 =  9.4486604038E-01  3.2745671561E-01 -5.1491813239E-04
           HessRho_EigVec3 =  3.8786989728E-04  4.5329028128E-04  9.9999982204E-01
           DelSqRho = -1.4703774123E+06
           Bond Ellipticity = NA
           V = -3.6763140542E+05
           G =  1.8526169121E+01
           K =  3.6761287925E+05
           L =  3.6759435308E+05
           Vnuc =  2.2585313519E+06
           Ven = -4.4181942333E+08
           Vrep =  4.4145179193E+08
           DelSqV =  2.4427762783E+10
           DelSqVen =  3.3208934973E+12
           DelSqVrep = -3.2964657346E+12
           DelSqG =  9.2109163481E+08
           DelSqK = -2.5348854418E+10
           Stress_EigVals = -1.2254480890E+05 -1.2254368714E+05 -1.2254290937E+05
           Stress_EigVec1 =  5.7542372567E-04  4.4758545967E-04  9.9999973428E-01
           Stress_EigVec2 =  9.4607847773E-01  3.2393678197E-01 -6.8938557908E-04
           Stress_EigVec3 = -3.2393700446E-01  9.4607862303E-01 -2.3705006037E-04
           -DivStress =  2.4025301413E+04 -5.8460905237E+03 -8.4554222535E+01

CP# 11     Coords = -4.61276998155127E+00 -2.79754417368324E+00 -2.66416296199131E-04
           Type = (3,-3) NACP N11
           Rho =  1.9554678226E+02     Rho at Nucleus =  1.9554678210E+02
           GradRho =  5.2301046911E-10  1.1453581150E-09 -3.3198387073E-12
           HessRho_EigVals = -4.8997490679E+05 -4.8997390390E+05 -4.8996402028E+05
           HessRho_EigVec1 =  9.9313111438E-01 -1.1700649459E-01 -2.6433021771E-04
           HessRho_EigVec2 =  1.1700650445E-01  9.9313114815E-01  2.2100679906E-05
           HessRho_EigVec3 =  2.5992864952E-04 -5.2877227658E-05  9.9999996482E-01
           DelSqRho = -1.4699128310E+06
           Bond Ellipticity = NA
           V = -3.6751553082E+05
           G =  1.8661541157E+01
           K =  3.6749686928E+05
           L =  3.6747820774E+05
           Vnuc =  8.5951491277E+06
           Ven = -1.6807537550E+09
           Vrep =  1.6803862394E+09
           DelSqV =  2.4420297292E+10
           DelSqVen =  1.2634119733E+13
           DelSqVrep = -1.2609699436E+13
           DelSqG =  9.2086780354E+08
           DelSqK = -2.5341165096E+10
           Stress_EigVals = -1.2250661042E+05 -1.2250457156E+05 -1.2250434884E+05
           Stress_EigVec1 =  2.6314192648E-04 -5.0043066097E-05  9.9999996413E-01
           Stress_EigVec2 =  1.1368335453E-01  9.9351703282E-01  1.9803782331E-05
           Stress_EigVec3 =  9.9351699817E-01 -1.1368334525E-01 -2.6712504963E-04
           -DivStress = -3.5065900364E+03 -5.4896143603E+03  1.5658934723E+01

CP# 12     Coords = -6.17764393124333E+00 -7.03683888587830E-01 -3.74162622716072E-06
           Type = (3,-3) NACP C12
           Rho =  1.2078183218E+02     Rho at Nucleus =  1.2078182959E+02
           GradRho = -9.7118768657E-11  2.5899912017E-12  1.3410225621E-17
           HessRho_EigVals = -2.2251551782E+05 -2.2251536368E+05 -2.2251383655E+05
           HessRho_EigVec1 =  8.4326055811E-01 -5.3750498160E-01  1.6091439621E-04
           HessRho_EigVec2 = -1.5053917920E-05  2.7575561143E-04  9.9999996187E-01
           HessRho_EigVec3 =  5.3750500547E-01  8.4326052838E-01 -2.2444227492E-04
           DelSqRho = -6.6754471805E+05
           Bond Ellipticity = NA
           V = -1.6689691645E+05
           G =  5.3684704105E+00
           K =  1.6689154798E+05
           L =  1.6688617951E+05
           Vnuc =  1.2450989503E+06
           Ven = -1.5038533246E+08
           Vrep =  1.5021843555E+08
           DelSqV =  8.1704478897E+09
           DelSqVen =  8.3115923354E+11
           DelSqVrep = -8.2298878565E+11
           DelSqG =  3.0747292165E+08
           DelSqK = -8.4779208113E+09
           Stress_EigVals = -5.5632658492E+04 -5.5632254937E+04 -5.5632003024E+04
           Stress_EigVec1 =  5.2943543409E-01  8.4835020300E-01 -2.3280295579E-04
           Stress_EigVec2 =  8.4835015362E-01 -5.2943548356E-01 -2.9256523575E-04
           Stress_EigVec3 =  3.7145192261E-04  4.2604020719E-05  9.9999993010E-01
           -DivStress =  2.1176706432E+03  1.2693870047E+04 -2.0635453942E+00

CP# 13     Coords =  9.55922906169696E+00 -3.75671758527019E+00 -1.19014851365807E-04
           Type = (3,-3) NACP C13
           Rho =  1.2063314581E+02     Rho at Nucleus =  1.2063314418E+02
           GradRho = -3.5889759790E-11 -1.7883741820E-11 -1.0982398378E-15
           HessRho_EigVals = -2.2221784221E+05 -2.2221563634E+05 -2.2221561806E+05
           HessRho_EigVec1 = -5.5896119830E-01  8.2919378760E-01  2.0347834811E-04
           HessRho_EigVec2 =  8.2914330766E-01  5.5892984439E-01 -1.0899743477E-02
           HessRho_EigVec3 =  9.1517296992E-03  5.9238209645E-03  9.9994057533E-01
           DelSqRho = -6.6664909661E+05
           Bond Ellipticity = NA
           V = -1.6667281060E+05
           G =  5.2682254832E+00
           K =  1.6666754238E+05
           L =  1.6666227415E+05
           Vnuc =  1.5673015921E+06
           Ven = -1.8906852148E+08
           Vrep =  1.8890184867E+08
           DelSqV =  8.1594966758E+09
           DelSqVen =  1.0448401777E+12
           DelSqVrep = -1.0366806810E+12
           DelSqG =  3.0702561532E+08
           DelSqK = -8.4665222911E+09
           Stress_EigVals = -5.5557809763E+04 -5.5557806257E+04 -5.5557194582E+04
           Stress_EigVec1 =  1.2983764488E-02  8.4604974103E-03  9.9987991371E-01
           Stress_EigVec2 =  8.3029831804E-01  5.5710375012E-01 -1.5495633465E-02
           Stress_EigVec3 = -5.5716795037E-01  8.3039980225E-01  2.0856711765E-04
           -DivStress =  4.3456527924E+03 -9.2387547441E+03 -2.2378641647E+00

CP# 14     Coords =  8.15338582013668E+00 -1.36018656752763E+00  3.15621544732298E-04
           Type = (3,-3) NACP N14
           Rho =  1.9566454721E+02     Rho at Nucleus =  1.9566454706E+02
           GradRho = -2.9557873715E-10  1.3451338073E-09  3.9663085167E-13
           HessRho_EigVals = -4.9025491822E+05 -4.9025452010E+05 -4.9024670376E+05
           HessRho_EigVec1 =  8.5661217743E-01  5.1596082939E-01 -3.7014367479E-06
           HessRho_EigVec2 = -5.1596082200E-01  8.5661216634E-01  1.6321152311E-04
           HessRho_EigVec3 =  8.7381448580E-05 -1.3789918184E-04  9.9999998667E-01
           DelSqRho = -1.4707561421E+06
           Bond Ellipticity = NA
           V = -3.6772586603E+05
           G =  1.8415255181E+01
           K =  3.6770745077E+05
           L =  3.6768903552E+05
           Vnuc =  8.7186511691E+06
           Ven = -1.7059309333E+09
           Vrep =  1.7055632075E+09
           DelSqV =  2.4434079137E+10
           DelSqVen =  1.2823008117E+13
           DelSqVrep = -1.2798574038E+13
           DelSqG =  9.2136857943E+08
           DelSqK = -2.5355447717E+10
           Stress_EigVals = -1.2257635824E+05 -1.2257478661E+05 -1.2257472118E+05
           Stress_EigVec1 =  9.4347431803E-05 -1.3897831943E-04  9.9999998589E-01
           Stress_EigVec2 = -2.0268072755E-01  9.7924486141E-01  1.5521621346E-04
           Stress_EigVec3 =  9.7924486916E-01  2.0268073933E-01 -6.4221010884E-05
           -DivStress =  1.4368116911E+03 -6.2390200938E+03 -1.7807103676E+00

CP# 15     Coords =  5.51093064050735E+00 -1.46189024707735E+00  5.02704105136076E-04
           Type = (3,-3) NACP C15
           Rho =  1.2070807386E+02     Rho at Nucleus =  1.2070807356E+02
           GradRho =  3.6348726771E-09  5.1615703703E-10 -2.2287536552E-13
           HessRho_EigVals = -2.2229806741E+05 -2.2229580092E+05 -2.2229483146E+05
           HessRho_EigVec1 =  7.8514899068E-05 -8.3377836166E-06  9.9999999688E-01
           HessRho_EigVec2 =  9.9526968363E-01 -9.7150659366E-02 -7.8953520177E-05
           HessRho_EigVec3 =  9.7150659721E-02  9.9526968673E-01  6.7056904783E-07
           DelSqRho = -6.6688869979E+05
           Bond Ellipticity = NA
           V = -1.6673212362E+05
           G =  4.9743384509E+00
           K =  1.6672714929E+05
           L =  1.6672217495E+05
           Vnuc =  3.6963334507E+06
           Ven = -4.4617729117E+08
           Vrep =  4.4601055905E+08
           DelSqV =  8.1621892695E+09
           DelSqVen =  2.4650429235E+12
           DelSqVrep = -2.4568807343E+12
           DelSqG =  3.0705414302E+08
           DelSqK = -8.4692434126E+09
           Stress_EigVals = -5.5577896573E+04 -5.5577515338E+04 -5.5576711713E+04
           Stress_EigVec1 =  1.2322454485E-01  9.9237881450E-01 -8.4047763200E-06
           Stress_EigVec2 =  9.9237881199E-01 -1.2322454513E-01 -7.0641303582E-05
           Stress_EigVec3 =  7.1138607843E-05 -3.6402054178E-07  9.9999999747E-01
           -DivStress = -4.2841582811E+03 -5.2336754751E+02  2.6622500033E-01

CP# 16     Coords =  4.48656921515104E+00 -3.59354053980530E+00  6.34983970597683E-04
           Type = (3,-3) NACP O16
           Rho =  2.9750537547E+02     Rho at Nucleus =  2.9750535378E+02
